0.00e+00 32 3.072802693e+05 4.088742603e+04 4.088742603e+04 2.641900210e-07
1.00e-02 32 3.064398239e+05 4.068401098e+04 4.068401098e+04 7.078779163e-08
5.00e-02 32 3.031334085e+05 3.989019613e+04 3.989019613e+04 1.039952622e-07
1.00e-01 32 2.991205547e+05 3.894045336e+04 3.894045336e+04 -1.372754923e-07
5.00e-01 32 2.711092383e+05 3.271014082e+04 3.271014083e+04 -9.977993614e-07
1.00e+00 32 2.438396295e+05 2.725861735e+04 2.725861735e+04 -2.222477633e-07
1.00e+01 32 1.239640390e+05 6.815404338e+03 6.815404338e+03 1.702755981e-08
1.00e+02 32 1.121488402e+05 8.026946280e+02 8.026946280e+02 3.592504072e-11
5.00e+02 32 1.322748487e+05 1.638941276e+02 1.638941276e+02 1.503508429e-11
1.00e+03 32 1.584846499e+05 8.260963279e+01 8.260963279e+01 -1.506350600e-12
1.00e+04 32 6.324742205e+05 9.175650076e+00 9.175650076e+00 -2.309263891e-14
1.00e+05 32 5.382846916e+06 1.817712166e+00 1.817712166e+00 1.332267630e-15
1.00e+06 32 5.302696825e+07 1.081772689e+00 1.081772689e+00 6.661338148e-16
1.00e+07 32 5.297346315e+08 1.008177285e+00 1.008177285e+00 8.881784197e-16
