0.00e+00 32 8.907916409e+08 2.627819987e+06 2.627819991e+06 -3.711349797e-03
1.00e-06 32 8.855864432e+08 2.588132468e+06 2.588132469e+06 -1.007497776e-03
5.00e-06 32 8.655791035e+08 2.440687330e+06 2.440687333e+06 -3.179278690e-03
1.00e-05 32 8.422525195e+08 2.278435120e+06 2.278435120e+06 7.190168835e-04
5.00e-05 32 8.980444702e+08 1.497193044e+06 1.497193044e+06 3.556581214e-05
1.00e-04 32 1.091349198e+09 1.100107947e+06 1.100107947e+06 5.524395965e-05
5.00e-04 32 2.165639896e+09 3.530596385e+05 3.530596386e+05 -1.008271938e-04
1.00e-03 32 3.298560166e+09 1.911343472e+05 1.911343472e+05 2.160185250e-05
5.00e-03 32 1.477906594e+10 4.096894816e+04 4.096894816e+04 -7.456401363e-08
1.00e-02 32 2.934329862e+10 2.067217679e+04 2.067217679e+04 -1.210428309e-07
5.00e-02 32 1.455019218e+11 4.165924288e+03 4.165924288e+03 -3.785316949e-09
1.00e-01 32 2.902118390e+11 2.085496579e+03 2.085496579e+03 2.186880010e-09
5.00e-01 32 1.443740510e+12 4.183817017e+02 4.183817017e+02 -5.616129783e-11
1.00e+00 32 2.883951356e+12 2.098186865e+02 2.098186865e+02 2.498268259e-11
1.00e+01 32 2.879895577e+13 2.207894892e+01 2.207894892e+01 -4.227729278e-13
1.00e+02 32 2.879370452e+14 3.303309587e+00 3.303309587e+00 1.332267630e-15
5.00e+02 32 1.439655283e+15 1.634464684e+00 1.634464684e+00 -8.881784197e-16
1.00e+03 32 2.879302468e+15 1.425901397e+00 1.425901397e+00 -8.881784197e-16
1.00e+04 32 2.879298308e+16 1.238238125e+00 1.238238125e+00 -1.687538997e-14
1.00e+05 32 2.879303222e+17 1.219478348e+00 1.219478348e+00 -2.128741627e-12
1.00e+06 32 2.878726011e+18 1.217628882e+00 1.217628882e+00 -2.155013945e-10
1.00e+07 32 2.873876610e+19 1.218126751e+00 1.218127054e+00 -3.033647420e-07
