0.00e+00 32 3.642859947e+03 1.900791102e+03 1.900791102e+03 -2.225760909e-09
1.00e-06 32 3.729905834e+03 1.785586537e+03 1.785586537e+03 1.957232598e-09
5.00e-06 32 4.309593855e+03 1.437980274e+03 1.437980274e+03 -9.592895367e-10
1.00e-05 32 5.129345307e+03 1.159105594e+03 1.159105594e+03 -7.862581697e-10
5.00e-05 32 1.204397533e+04 4.976998368e+02 4.976998368e+02 3.245759217e-11
1.00e-04 32 2.076701208e+04 2.933057353e+02 2.933057353e+02 1.182343112e-11
5.00e-04 32 9.065454253e+04 6.937147728e+01 6.937147728e+01 2.557953849e-13
1.00e-03 32 1.780163477e+05 3.602709894e+01 3.602709894e+01 4.760636330e-13
5.00e-03 32 8.766541130e+05 8.296541627e+00 8.296541627e+00 -2.131628207e-14
1.00e-02 32 1.749637127e+06 4.761415947e+00 4.761415947e+00 -2.131628207e-14
5.00e-02 32 8.730934824e+06 1.923755642e+00 1.923755642e+00 4.440892099e-16
1.00e-01 32 1.745646969e+07 1.569452094e+00 1.569452094e+00 -8.881784197e-16
5.00e-01 32 8.725853198e+07 1.287374515e+00 1.287374515e+00 2.220446049e-16
1.00e+00 32 1.745107409e+08 1.252337159e+00 1.252337159e+00 2.220446049e-16
1.00e+01 32 1.745049673e+09 1.220881132e+00 1.220881132e+00 0.000000000e+00
1.00e+02 32 1.745043854e+10 1.217740237e+00 1.217740237e+00 1.554312234e-15
5.00e+02 32 8.725216686e+10 1.217461100e+00 1.217461100e+00 0.000000000e+00
1.00e+03 32 1.745043272e+11 1.217426234e+00 1.217426234e+00 6.661338148e-16
1.00e+04 32 1.745043109e+12 1.217395126e+00 1.217395126e+00 -2.220446049e-16
1.00e+05 32 1.745042949e+13 1.217397338e+00 1.217397338e+00 -1.030775465e-11
1.00e+06 32 1.745047610e+14 1.217448648e+00 1.217448649e+00 -8.376563887e-10
1.00e+07 32 1.745041170e+15 1.218081544e+00 1.218081633e+00 -8.928060513e-08
