0.00e+00 48 2.611870094e+11 3.119177559e+10 1.000000000e+00 3.119177559e+10
1.00e-06 48 2.599331868e+11 3.055742840e+10 1.000000000e+00 3.055742840e+10
5.00e-06 48 2.648182583e+11 2.825876100e+10 2.825888979e+10 -1.287924637e+05
1.00e-05 48 2.709124495e+11 2.583013507e+10 1.000000000e+00 2.583013507e+10
5.00e-05 48 3.193960965e+11 1.530602449e+10 1.000000000e+00 1.530602449e+10
1.00e-04 48 3.796417123e+11 1.014124946e+10 1.014121548e+10 3.397696876e+04
5.00e-04 48 8.773824857e+11 2.741246649e+09 1.000000000e+00 2.741246648e+09
1.00e-03 48 1.672455802e+12 1.433620140e+09 1.433617819e+09 2.321197284e+03
5.00e-03 48 8.038380038e+12 2.976691188e+08 2.976690232e+08 9.557765138e+01
1.00e-02 48 1.599480426e+13 1.495481409e+08 1.495481418e+08 -8.957934976e-01
5.00e-02 48 7.964384241e+13 3.002478731e+07 3.002478720e+07 1.132041141e-01
1.00e-01 48 1.592049046e+14 1.501962467e+07 1.000000000e+00 1.501962367e+07
5.00e-01 48 7.956916666e+14 3.005083240e+06 3.005083233e+06 6.579532754e-03
1.00e+00 48 1.591301261e+15 1.502614506e+06 1.502614507e+06 -5.724164657e-04
1.00e+01 48 1.591224668e+16 1.502688691e+05 1.502688690e+05 1.897956827e-05
1.00e+02 48 1.591217012e+17 1.502785099e+04 1.502785099e+04 2.011547622e-07
5.00e+02 48 7.956094413e+17 3.006371672e+03 3.006371672e+03 -7.898051990e-09
1.00e+03 48 1.591216286e+18 1.503685798e+03 1.503685798e+03 -9.504219634e-11
1.00e+04 48 1.591217333e+19 1.512686485e+02 1.512686485e+02 -7.710809768e-11
1.00e+05 48 1.591221832e+20 1.602691725e+01 1.602691725e+01 -6.645706208e-11
1.00e+06 48 1.591228268e+21 2.502777714e+00 2.502777715e+00 -2.224598283e-10
1.00e+07 48 1.591341466e+22 1.150686502e+00 1.150686525e+00 -2.262456178e-08
