0.00e+00 32 4.143450622e+02 7.913757845e+03 7.913757845e+03 -2.218166628e-08
1.00e-02 32 4.143514777e+02 7.881056401e+03 7.881056401e+03 3.591685527e-08
5.00e-02 32 4.176038133e+02 7.752909608e+03 7.752909608e+03 -9.946234059e-09
1.00e-01 32 4.237961964e+02 7.598470442e+03 7.598470442e+03 -2.478373062e-08
5.00e-01 32 4.824064408e+02 6.554035786e+03 6.554035786e+03 2.371052688e-09
1.00e+00 32 5.599022225e+02 5.593094657e+03 5.593094657e+03 2.061824489e-09
1.00e+01 32 1.963784008e+03 1.537487762e+03 1.537487762e+03 -1.025910024e-09
1.00e+02 32 1.489924068e+04 1.871869321e+02 1.871869321e+02 -4.004618859e-11
5.00e+02 32 6.441949836e+04 3.895178991e+01 3.895178991e+01 4.618527782e-13
1.00e+03 32 1.210672397e+05 2.002151119e+01 2.002151119e+01 -2.735589533e-13
1.00e+04 32 1.078982468e+06 2.906275372e+00 2.906275372e+00 -7.549516567e-15
1.00e+05 32 1.058073153e+07 1.190668878e+00 1.190668878e+00 0.000000000e+00
1.00e+06 32 1.055840587e+08 1.019067301e+00 1.019067301e+00 2.220446049e-16
1.00e+07 32 1.055615783e+09 1.001906734e+00 1.001906734e+00 4.440892099e-16
