0.00e+00 24 1.759760769e+08 2.329384350e+07 2.329384328e+07 2.262154296e-01
1.00e-02 24 1.754968565e+08 2.317795376e+07 2.317795358e+07 1.775901131e-01
5.00e-02 24 1.736116115e+08 2.272570101e+07 2.272570105e+07 -3.219358250e-02
1.00e-01 24 1.713237172e+08 2.218461289e+07 2.218461279e+07 9.243129939e-02
5.00e-01 24 1.553583163e+08 1.863507498e+07 1.863507484e+07 1.320890114e-01
1.00e+00 24 1.398264758e+08 1.552922932e+07 1.552922927e+07 4.538322240e-02
1.00e+01 24 7.167601979e+07 3.882308080e+06 3.882308073e+06 7.671104278e-03
1.00e+02 24 6.195735212e+07 4.567430095e+05 4.567430095e+05 -2.042972483e-05
5.00e+02 24 6.140674893e+07 9.280515332e+04 9.280515332e+04 3.595632734e-06
1.00e+03 24 6.135454926e+07 4.649569558e+04 4.649569558e+04 -3.166860552e-07
1.00e+04 24 6.156819491e+07 4.658836929e+03 4.658836929e+03 -5.856236385e-09
1.00e+05 24 6.430006559e+07 4.668675323e+02 4.668675323e+02 -3.501554602e-11
1.00e+06 24 9.168826287e+07 4.758759179e+01 4.758759179e+01 2.735589533e-12
1.00e+07 24 3.660161610e+08 5.658767568e+00 5.658767568e+00 1.509903313e-14
