0.00e+00 32 9.148384985e+05 2.627844215e+03 1.000000000e+00 2.626844215e+03
1.00e-06 32 9.095686650e+05 2.588220994e+03 2.588220994e+03 -1.454736775e-09
5.00e-06 32 8.893163350e+05 2.441001427e+03 2.441001427e+03 1.086846169e-10
1.00e-05 32 8.657144520e+05 2.278973215e+03 2.278973215e+03 2.383785613e-09
5.00e-05 32 9.210537391e+05 1.498329189e+03 1.498329189e+03 6.843947631e-11
1.00e-04 32 1.122037519e+06 1.101499396e+03 1.101499396e+03 -1.996340870e-10
5.00e-04 32 2.252314538e+06 3.544716685e+02 3.544716685e+02 6.787104212e-11
1.00e-03 32 3.451437372e+06 1.924725259e+02 1.000000000e+00 1.914725259e+02
5.00e-03 32 1.557560828e+07 4.221418902e+01 4.221418902e+01 1.001865257e-12
1.00e-02 32 3.085239249e+07 2.190306604e+01 2.190306604e+01 2.629008122e-13
5.00e-02 32 1.525312866e+08 5.384851740e+00 5.384851740e+00 1.065814104e-14
1.00e-01 32 3.043707053e+08 3.302921496e+00 3.302921496e+00 -3.996802889e-15
5.00e-01 32 1.518376740e+09 1.634696583e+00 1.634696583e+00 0.000000000e+00
1.00e+00 32 3.035726403e+09 1.426036740e+00 1.426036740e+00 -4.440892099e-16
1.00e+01 32 3.034754343e+10 1.238253150e+00 1.238253150e+00 0.000000000e+00
1.00e+02 32 3.034654349e+11 1.219477441e+00 1.219477441e+00 -6.661338148e-16
5.00e+02 32 1.517322579e+12 1.217808539e+00 1.217808539e+00 2.220446049e-16
1.00e+03 32 3.034644359e+12 1.217599940e+00 1.217599940e+00 0.000000000e+00
1.00e+04 32 3.034647448e+13 1.217412433e+00 1.217412433e+00 -2.042810365e-14
1.00e+05 32 3.034658329e+14 1.217398959e+00 1.217398960e+00 -3.031841445e-11
1.00e+06 32 3.033747577e+15 1.217464806e+00 1.217464809e+00 -3.166266804e-09
1.00e+07 32 3.030447935e+16 1.218169469e+00 1.218169804e+00 -3.351213556e-07
