0.00e+00 32 1.150262387e+05 1.426660408e+04 1.426660246e+04 1.617197131e-03
1.00e-06 32 1.142279758e+05 1.413734925e+04 1.000000000e+00 1.413634925e+04
5.00e-06 32 1.142787223e+05 1.364293326e+04 1.364293326e+04 4.672801879e-08
1.00e-05 32 1.154333210e+05 1.307151015e+04 1.000000000e+00 1.307051015e+04
5.00e-05 32 1.246237799e+05 9.790925478e+03 1.000000000e+00 9.789925478e+03
1.00e-04 32 1.360273530e+05 7.452955301e+03 7.452955301e+03 7.767994248e-09
5.00e-04 32 2.260888488e+05 2.561359681e+03 1.000000000e+00 2.560359681e+03
1.00e-03 32 3.411299201e+05 1.407387532e+03 1.407387532e+03 1.157332008e-10
5.00e-03 32 1.564130364e+06 3.063609345e+02 3.063609345e+02 1.213606993e-10
1.00e-02 32 3.091882412e+06 1.553322388e+02 1.000000000e+00 1.543322388e+02
5.00e-02 32 1.530985958e+07 3.213592259e+01 3.213592259e+01 6.110667528e-13
1.00e-01 32 3.058078396e+07 1.658496907e+01 1.658496907e+01 -9.947598301e-14
5.00e-01 32 1.527426488e+08 4.119720414e+00 4.119720414e+00 2.486899575e-14
1.00e+00 32 3.054432667e+08 2.560030787e+00 2.560030787e+00 -1.332267630e-15
1.00e+01 32 3.054047058e+09 1.156018434e+00 1.156018434e+00 8.881784197e-16
1.00e+02 32 3.054007973e+10 1.015601997e+00 1.015601997e+00 -6.661338148e-16
5.00e+02 32 1.527002247e+11 1.003120404e+00 1.003120404e+00 1.332267630e-15
1.00e+03 32 3.054004037e+11 1.001560208e+00 1.001560208e+00 -1.776356839e-15
1.00e+04 32 3.054003645e+12 1.000156125e+00 1.000156125e+00 -1.257438598e-12
1.00e+05 32 3.054000211e+13 1.000016592e+00 1.000016593e+00 -1.017290474e-09
1.00e+06 32 3.053972978e+14 1.000020468e+00 1.000021750e+00 -1.282442675e-06
1.00e+07 32 3.053817717e+15 1.000205264e+00 1.000219232e+00 -1.396825798e-05
