0.00e+00 32 4.294555839e+08 1.423502711e+07 1.423502690e+07 2.117906064e-01
1.00e-06 32 4.294555838e+08 1.423501996e+07 1.423501995e+07 2.033287659e-03
5.00e-06 32 4.294555828e+08 1.423499148e+07 1.423499138e+07 1.022062618e-01
1.00e-05 32 4.294555815e+08 1.423495592e+07 1.423495584e+07 8.624284714e-02
5.00e-05 32 4.294555712e+08 1.423467123e+07 1.347176365e+07 7.629075809e+05
1.00e-04 32 4.294555587e+08 1.423431539e+07 1.423431531e+07 7.961646095e-02
5.00e-04 32 4.294554564e+08 1.423146923e+07 1.423146918e+07 4.917519167e-02
1.00e-03 32 4.294553288e+08 1.422791311e+07 1.422791325e+07 -1.399295051e-01
5.00e-03 32 4.294543130e+08 1.419952818e+07 1.419952840e+07 -2.161965426e-01
1.00e-02 32 4.294530507e+08 1.416420609e+07 1.416420619e+07 -1.016942952e-01
5.00e-02 32 4.294432061e+08 1.388783135e+07 1.388783130e+07 5.923801288e-02
1.00e-01 32 4.294314114e+08 1.355716871e+07 1.355716871e+07 4.035072401e-03
5.00e-01 32 4.293502466e+08 1.138802183e+07 8.877768780e+06 2.510253054e+06
1.00e+00 32 4.292714975e+08 9.490018389e+06 9.490018322e+06 6.660268828e-02
1.00e+01 32 4.288710820e+08 2.372505344e+06 1.000000000e+00 2.372504344e+06
1.00e+02 32 4.287033663e+08 2.791191581e+05 2.791191580e+05 3.904383630e-05
5.00e+02 32 4.287602643e+08 5.671425124e+04 5.671425124e+04 1.228610927e-06
1.00e+03 32 4.288627596e+08 2.841422567e+04 2.841422567e+04 -3.174973244e-07
1.00e+04 32 4.307769081e+08 2.847435925e+03 2.847435925e+03 9.727045835e-10
1.00e+05 32 4.499586667e+08 2.856948273e+02 2.856948273e+02 -6.423306331e-12
1.00e+06 32 6.419885967e+08 2.946999518e+01 2.946999518e+01 -1.811883976e-13
1.00e+07 32 2.572250324e+09 3.847004653e+00 3.847004653e+00 3.996802889e-15
