0.00e+00 48 9.340432503e+02 9.099283257e+04 9.099283257e+04 8.399365470e-08
1.00e-02 48 3.347350369e+05 2.544564973e+02 2.544564973e+02 -3.092281986e-11
5.00e-02 48 1.669943493e+06 5.180451168e+01 5.180451168e+01 3.481659405e-13
1.00e-01 48 3.338954053e+06 2.640934939e+01 2.640934939e+01 -7.425171589e-13
5.00e-01 48 1.669103850e+07 6.083005415e+00 6.083005415e+00 -2.309263891e-14
1.00e+00 48 3.338114406e+07 3.541573697e+00 3.541573697e+00 1.776356839e-15
1.00e+01 48 3.338030441e+08 1.254163759e+00 1.254163759e+00 0.000000000e+00
1.00e+02 48 3.338022044e+09 1.025416441e+00 1.025416441e+00 6.661338148e-16
5.00e+02 48 1.669010649e+10 1.005083302e+00 1.005083302e+00 1.110223025e-15
1.00e+03 48 3.338021205e+10 1.002541673e+00 1.002541673e+00 -4.440892099e-16
1.00e+04 48 3.338021122e+11 1.000254479e+00 1.000254479e+00 -3.042011087e-14
1.00e+05 48 3.338021103e+12 1.000028504e+00 1.000028504e+00 -2.202904525e-11
1.00e+06 48 3.338021176e+13 1.000062251e+00 1.000066721e+00 -4.469921971e-06
1.00e+07 48 3.338016459e+14 1.000613003e+00 1.000649799e+00 -3.679618718e-05
