0.00e+00 32 1.324883169e+08 1.548823794e+06 1.548823795e+06 -3.886206541e-04
1.00e-02 32 1.324699455e+08 1.540138538e+06 1.540138537e+06 1.446035923e-03
5.00e-02 32 1.323966013e+08 1.506357100e+06 1.506357102e+06 -2.084078500e-03
1.00e-01 32 1.323052344e+08 1.466173901e+06 1.466173902e+06 -1.178721432e-03
5.00e-01 32 1.315860270e+08 1.208825492e+06 1.208825492e+06 6.956206635e-04
1.00e+00 32 1.307132623e+08 9.930888471e+05 9.930888471e+05 4.006328527e-05
1.00e+01 32 1.179610950e+08 2.641698698e+05 2.641698698e+05 -3.261934035e-05
1.00e+02 32 7.146755907e+07 3.226533753e+04 3.226533753e+04 -2.569104254e-07
5.00e+02 32 4.698663701e+07 6.586607726e+03 6.586607726e+03 1.848093234e-08
1.00e+03 32 4.349556854e+07 3.302422367e+03 3.302422367e+03 3.064997145e-10
1.00e+04 32 4.081737840e+07 3.321005137e+02 3.321005137e+02 1.489297574e-11
1.00e+05 32 4.251912291e+07 3.430530484e+01 3.430530484e+01 1.421085472e-14
1.00e+06 32 6.318220352e+07 4.518922951e+00 4.518922951e+00 -3.463895837e-14
1.00e+07 32 3.795642239e+08 1.543973803e+00 1.543973803e+00 -1.554312234e-15
