0.00e+00 48 6.777039349e+11 9.090614515e+10 9.090327048e+10 2.874670154e+06
1.00e-02 48 6.758343622e+11 9.045336566e+10 9.044990920e+10 3.456464365e+06
5.00e-02 48 6.684786770e+11 8.868940240e+10 8.868503292e+10 4.369470577e+06
1.00e-01 48 6.595501862e+11 8.657734475e+10 8.657454332e+10 2.801430021e+06
5.00e-01 48 5.971856319e+11 7.272505999e+10 7.272172702e+10 3.332969233e+06
1.00e+00 48 6.777039349e+11 9.090614515e+10 9.090327048e+10 2.874670154e+06
1.00e+01 48 6.777039349e+11 9.090614515e+10 9.090327048e+10 2.874670154e+06
1.00e+02 48 2.325495208e+11 1.782479341e+09 1.782477129e+09 2.212470939e+03
5.00e+02 48 2.306606378e+11 3.621770747e+08 3.621769778e+08 9.690587145e+01
1.00e+03 48 2.304353219e+11 1.814499908e+08 1.814499693e+08 2.157206517e+01
1.00e+04 48 2.302354839e+11 1.817765447e+07 1.817765417e+07 2.959329300e-01
1.00e+05 48 2.302258383e+11 1.818093538e+06 1.818093539e+06 -8.404990658e-04
1.00e+06 48 2.303272416e+11 1.818135264e+05 1.818135264e+05 1.078756759e-05
1.00e+07 48 2.313610527e+11 1.818228540e+04 1.818228540e+04 -4.224420991e-08
