0.00e+00 32 9.083726482e+03 1.548823794e+06 1.548823795e+06 -4.527531564e-05
1.00e-06 32 9.275333720e+03 1.393543588e+06 1.393543589e+06 -6.234713364e-04
5.00e-06 32 1.162499396e+04 9.969626742e+05 9.969626740e+05 2.493375214e-04
1.00e-05 32 1.470635102e+04 7.495829202e+05 7.495829198e+05 3.116257722e-04
5.00e-05 32 4.076654818e+04 2.665634581e+05 2.665634581e+05 -1.149578020e-05
1.00e-04 32 7.382697071e+04 1.482440684e+05 1.482440684e+05 1.209526090e-06
5.00e-04 32 3.393824398e+05 3.262189426e+04 3.262189426e+04 4.234607331e-08
1.00e-03 32 6.726298427e+05 1.652140482e+04 1.652140482e+04 9.689028957e-08
5.00e-03 32 3.338539313e+06 3.339755744e+03 3.339755744e+03 3.480636224e-09
1.00e-02 32 6.670771818e+06 1.672669206e+03 1.672669206e+03 5.882156984e-10
5.00e-02 32 3.332429609e+07 3.358514003e+02 3.358514003e+02 6.048139767e-11
1.00e-01 32 6.663306021e+07 1.685518047e+02 1.685518047e+02 9.436007531e-12
5.00e-01 32 3.329014402e+08 3.468056873e+01 3.468056873e+01 -1.335820343e-12
1.00e+00 32 6.654107500e+08 1.794477288e+01 1.794477288e+01 -4.121147867e-13
1.00e+01 32 6.633588667e+09 2.883525991e+00 2.883525991e+00 1.021405183e-14
1.00e+02 32 6.620898514e+10 1.381819475e+00 1.381819475e+00 1.998401444e-15
5.00e+02 32 3.309494478e+11 1.250055359e+00 1.250055359e+00 -1.998401444e-15
1.00e+03 32 6.618733623e+11 1.233702201e+00 1.233702201e+00 8.881784197e-16
1.00e+04 32 6.618500372e+12 1.219020560e+00 1.219020560e+00 -1.776356839e-15
1.00e+05 32 6.618476876e+13 1.217557120e+00 1.217557120e+00 -1.709743458e-14
1.00e+06 32 6.618474561e+14 1.217454580e+00 1.217454581e+00 -7.496268051e-10
1.00e+07 32 6.618474666e+15 1.218010712e+00 1.218010793e+00 -8.097697357e-08
