0.00e+00 32 4.153951584e+02 4.084861537e+07 4.084861472e+07 6.539514363e-01
1.00e-02 32 6.588254392e+04 2.569098293e+05 2.569098293e+05 3.731600009e-05
5.00e-02 32 3.276630464e+05 5.164259710e+04 5.164259709e+04 6.505651982e-07
1.00e-01 32 6.547865955e+05 2.583813044e+04 2.583813044e+04 -4.369576345e-08
5.00e-01 32 3.271244651e+06 5.171042169e+03 5.171042169e+03 7.677044778e-09
1.00e+00 32 6.541716824e+06 2.586184683e+03 2.586184683e+03 1.056832843e-09
1.00e+01 32 6.541003632e+07 2.595331939e+02 2.595331939e+02 -1.037960828e-10
1.00e+02 32 6.540931375e+08 2.685346666e+01 2.685346666e+01 -3.552713679e-15
5.00e+02 32 3.270462453e+09 6.170695963e+00 6.170695963e+00 -1.332267630e-14
1.00e+03 32 6.540924096e+09 3.585348162e+00 3.585348162e+00 1.154631946e-14
1.00e+04 32 6.540923365e+10 1.258534936e+00 1.258534936e+00 -4.440892099e-16
1.00e+05 32 6.540923292e+11 1.025854352e+00 1.025854352e+00 -4.662936703e-15
1.00e+06 32 6.540923284e+12 1.002594423e+00 1.002594423e+00 -5.641709322e-12
1.00e+07 32 6.540923286e+13 1.000343541e+00 1.000343544e+00 -2.716205039e-09
