0.00e+00 32 6.159055320e+04 7.913757845e+03 7.913757845e+03 -7.885319064e-10
1.00e-02 32 6.155552931e+04 7.881056401e+03 7.881056401e+03 4.285539035e-09
5.00e-02 32 6.141602564e+04 7.752909608e+03 7.752909608e+03 3.329023457e-08
1.00e-01 32 6.124296483e+04 7.598470442e+03 7.598470442e+03 -7.566995919e-09
5.00e-01 32 5.990883002e+04 6.554035786e+03 6.554035786e+03 4.368303053e-09
1.00e+00 32 5.835661721e+04 5.593094657e+03 5.593094657e+03 -1.375792635e-08
1.00e+01 32 4.220813761e+04 1.537487762e+03 1.537487762e+03 7.726157492e-10
1.00e+02 32 2.472725146e+04 1.871869321e+02 1.871869321e+02 -1.136868377e-11
5.00e+02 32 2.728772276e+04 3.895178991e+01 3.895178991e+01 5.684341886e-13
1.00e+03 32 3.342501577e+04 2.002151119e+01 2.002151119e+01 -3.765876500e-13
1.00e+04 32 1.587227026e+05 2.906275372e+00 2.906275372e+00 9.769962617e-15
1.00e+05 32 1.481514552e+06 1.190668878e+00 1.190668878e+00 -1.332267630e-15
1.00e+06 32 1.478717927e+07 1.019067301e+00 1.019067301e+00 2.220446049e-16
1.00e+07 32 1.478511637e+08 1.001906734e+00 1.001906734e+00 0.000000000e+00
