0.00e+00 24 2.337146998e+02 2.331580054e+04 2.331580054e+04 3.522945917e-07
1.00e-02 24 2.069382172e+04 2.627882790e+02 2.627882790e+02 1.551825335e-11
5.00e-02 24 1.025356060e+05 5.383223364e+01 5.383223364e+01 -3.126388037e-13
1.00e-01 24 2.048378311e+05 2.744608074e+01 2.744608074e+01 3.161915174e-13
5.00e-01 24 1.023255601e+06 6.294020172e+00 6.294020172e+00 5.773159728e-14
1.00e+00 24 2.046277802e+06 3.647310644e+00 3.647310644e+00 -7.993605777e-15
1.00e+01 24 2.046067739e+07 1.264758121e+00 1.264758121e+00 -1.332267630e-15
1.00e+02 24 2.046046733e+08 1.026476083e+00 1.026476083e+00 1.998401444e-15
5.00e+02 24 1.023022433e+09 1.005295222e+00 1.005295222e+00 6.661338148e-16
1.00e+03 24 2.046044632e+09 1.002647613e+00 1.002647613e+00 -4.440892099e-16
1.00e+04 24 2.046044422e+10 1.000264797e+00 1.000264797e+00 -2.442490654e-15
1.00e+05 24 2.046044399e+11 1.000026870e+00 1.000026870e+00 -2.223554674e-12
1.00e+06 24 2.046044415e+12 1.000007430e+00 1.000007725e+00 -2.953646390e-07
1.00e+07 24 2.046044201e+13 1.000069190e+00 1.000073719e+00 -4.529180277e-06
