0.00e+00 24 1.760761287e+05 2.331580054e+04 2.331580054e+04 7.940616342e-08
1.00e-02 24 1.755977744e+05 2.319980651e+04 2.319980651e+04 -8.901406545e-08
5.00e-02 24 1.737159734e+05 2.274714687e+04 2.274714687e+04 -2.616725396e-07
1.00e-01 24 1.714323386e+05 2.220557194e+04 2.220557194e+04 -1.210828486e-07
5.00e-01 24 1.554992581e+05 1.865284043e+04 1.865284043e+04 2.209599188e-07
1.00e+00 24 1.400037053e+05 1.554420036e+04 1.554420036e+04 -9.884206520e-08
1.00e+01 24 7.216067779e+04 3.886800090e+03 3.886800090e+03 -7.070411812e-09
1.00e+02 24 6.512083460e+04 4.581529518e+02 4.581529518e+02 -6.730260793e-11
5.00e+02 24 7.674044556e+04 9.388765155e+01 9.388765155e+01 -4.447997526e-12
1.00e+03 24 9.191074568e+04 4.753652802e+01 4.753652802e+01 7.105427358e-14
1.00e+04 24 3.665426646e+05 5.662027702e+00 5.662027702e+00 1.687538997e-14
1.00e+05 24 3.125055398e+06 1.466286685e+00 1.466286685e+00 -2.220446049e-16
1.00e+06 24 3.082962886e+07 1.046629508e+00 1.046629508e+00 -8.881784197e-16
1.00e+07 24 3.079989117e+08 1.004662960e+00 1.004662960e+00 -1.332267630e-15
