0.00e+00 48 9.331094332e+02 5.004715423e+06 5.004715423e+06 2.020113170e-04
1.00e-06 48 9.331094332e+02 5.004713462e+06 5.004713466e+06 -4.198668525e-03
5.00e-06 48 9.331094332e+02 5.004705615e+06 5.004705620e+06 -5.676991306e-03
1.00e-05 48 9.331094332e+02 5.004695806e+06 5.004695809e+06 -3.685095347e-03
5.00e-05 48 9.331094332e+02 5.004617336e+06 5.004617332e+06 4.625652917e-03
1.00e-04 48 9.331094332e+02 5.004519253e+06 5.004519260e+06 -6.790976971e-03
5.00e-04 48 9.331094332e+02 5.003734725e+06 5.003734720e+06 4.488764331e-03
1.00e-03 48 9.331094332e+02 5.002754410e+06 5.002754425e+06 -1.532305032e-02
5.00e-03 48 9.331094345e+02 4.994925699e+06 4.994925695e+06 4.516297020e-03
1.00e-02 48 9.331094397e+02 4.985174200e+06 4.985174203e+06 -3.758970648e-03
5.00e-02 48 9.369826946e+02 4.908511836e+06 4.908511824e+06 1.198336389e-02
1.00e-01 48 9.491117839e+02 4.815937057e+06 4.815937060e+06 -2.683830447e-03
5.00e-01 48 1.071542664e+03 4.184567816e+06 4.184567806e+06 1.056551002e-02
1.00e+00 48 4.283930027e+07 3.595375755e+06 3.595375760e+06 -4.996535368e-03
1.00e+01 48 3.709047674e+07 1.017246543e+06 1.017246542e+06 5.839532241e-04
1.00e+02 48 2.068838170e+07 1.245004525e+05 1.245004525e+05 -3.840163117e-06
5.00e+02 48 1.474160087e+07 2.540648890e+04 2.540648890e+04 1.692751539e-08
1.00e+03 48 1.400204883e+07 1.273606803e+04 1.273606803e+04 -2.996966941e-08
1.00e+04 48 1.344937986e+07 1.277430023e+03 1.277430023e+03 3.474269761e-10
1.00e+05 48 1.412889749e+07 1.286723084e+02 1.286723084e+02 2.359001883e-12
1.00e+06 48 2.192731378e+07 1.376752397e+01 1.376752397e+01 2.415845302e-13
1.00e+07 48 1.096096908e+08 2.276755330e+00 2.276755330e+00 3.108624469e-15
