0.00e+00 96 3.735410959e+03 3.617334726e+05 3.617334726e+05 -9.994546417e-06
1.00e-06 96 4.273873182e+03 3.160446390e+05 3.160446390e+05 1.939671347e-05
5.00e-06 96 6.432868276e+03 2.099657514e+05 1.000000000e+00 2.099647514e+05
1.00e-05 96 9.131622727e+03 1.479095492e+05 1.479095492e+05 -9.755342035e-06
5.00e-05 96 3.072166717e+04 4.396327358e+04 4.396327358e+04 3.232125891e-07
1.00e-04 96 5.770922379e+04 2.340426623e+04 2.340426623e+04 -2.906381269e-07
5.00e-04 96 2.736096775e+05 4.937138785e+03 4.937138785e+03 1.725311449e-09
1.00e-03 96 5.434852447e+05 2.486024500e+03 2.486024500e+03 2.187789505e-09
5.00e-03 96 2.702489779e+06 5.007514482e+02 5.007514482e+02 -7.395328794e-11
1.00e+00 96 5.397548669e+08 3.502196866e+00 3.502196866e+00 7.549516567e-15
1.00e+01 96 5.397515062e+09 1.250221245e+00 1.250221245e+00 -1.110223025e-15
1.00e+02 96 5.397511700e+10 1.025022164e+00 1.025022164e+00 -1.998401444e-15
1.00e+03 96 5.397511352e+11 1.002502497e+00 1.002502497e+00 -2.664535259e-15
1.00e+04 96 5.397511320e+12 1.000253028e+00 1.000253028e+00 -3.748112931e-13
1.00e+05 96 5.397511172e+13 1.000055760e+00 1.000059792e+00 -4.032560091e-06
