0.00e+00 32 8.872011895e+11 2.627815028e+09 2.627817592e+09 -2.563991746e+03
1.00e-06 32 8.820051182e+11 2.588126051e+09 2.588127093e+09 -1.041956750e+03
5.00e-06 32 8.620092151e+11 2.440682369e+09 2.440680874e+09 1.495758755e+03
1.00e-05 32 8.386982043e+11 2.278429541e+09 2.278429247e+09 2.938469372e+02
5.00e-05 32 8.936416194e+11 1.497189257e+09 1.497188813e+09 4.438614798e+02
1.00e-04 32 1.085151782e+12 1.100105283e+09 1.100105197e+09 8.605237341e+01
5.00e-04 32 2.144547362e+12 3.530574605e+08 3.530575040e+08 -4.352464169e+01
1.00e-03 32 3.258600689e+12 1.911326197e+08 1.911326011e+08 1.860218135e+01
5.00e-03 32 1.459302336e+13 4.096761933e+07 4.096761596e+07 3.369454600e+00
1.00e-02 32 2.898783028e+13 2.067090425e+07 2.067090400e+07 2.487415150e-01
5.00e-02 32 1.441437640e+14 4.164696844e+06 4.164696839e+06 4.976146389e-03
1.00e-01 32 2.880872940e+14 2.084274874e+06 2.084274872e+06 2.331715077e-03
5.00e-01 32 1.439634820e+15 4.171647218e+05 1.000000000e+00 4.171637218e+05
1.00e+00 32 2.879081489e+15 2.086022759e+05 2.086022759e+05 1.002324279e-05
1.00e+01 32 2.878902152e+16 2.086306243e+04 2.086306243e+04 2.276356099e-07
1.00e+02 32 2.878844222e+17 2.087418988e+03 2.087418988e+03 2.000433597e-09
5.00e+02 32 1.439411606e+18 4.184577170e+02 4.184577170e+02 2.052047421e-11
1.00e+03 32 2.878817029e+18 2.098373971e+02 2.098373971e+02 1.827515916e-11
1.00e+04 32 2.878812774e+19 2.207908785e+01 2.207908785e+01 -3.545608251e-12
1.00e+05 32 2.878813663e+20 3.303311819e+00 3.303311819e+00 -6.040057343e-12
1.00e+06 32 2.878031315e+21 1.425931540e+00 1.425931540e+00 -1.748583500e-10
1.00e+07 32 2.874022522e+22 1.238493307e+00 1.238493327e+00 -1.983790066e-08
