0.00e+00 24 1.110302731e+09 2.629421654e+06 2.629421655e+06 -1.025727019e-03
1.00e-02 24 1.108188606e+09 2.611256399e+06 2.611256397e+06 2.064338885e-03
5.00e-02 24 1.099839363e+09 2.541037767e+06 2.541037766e+06 2.490687184e-04
1.00e-01 24 1.089636599e+09 2.458402425e+06 2.458402424e+06 1.410483383e-03
5.00e-01 24 1.016131771e+09 1.950861485e+06 1.950861485e+06 -1.953255851e-04
1.00e+00 24 9.401807061e+08 1.550684976e+06 1.550684975e+06 2.202142496e-04
1.00e+01 24 4.886263155e+08 3.833884553e+05 3.833884553e+05 -4.441983765e-05
1.00e+02 24 3.827978295e+08 4.509835175e+04 4.509835175e+04 -5.120018614e-07
5.00e+02 24 3.778961524e+08 9.166781693e+03 9.166781693e+03 1.417356543e-08
1.00e+03 24 3.773899649e+08 4.593328537e+03 4.593328537e+03 3.119566827e-10
1.00e+04 24 3.781607326e+08 4.612718434e+02 4.612718434e+02 -5.155698091e-11
1.00e+05 24 3.973101041e+08 4.723116358e+01 4.723116358e+01 -2.771116669e-13
1.00e+06 24 6.017041074e+08 5.818736865e+00 5.818736865e+00 -5.329070518e-15
1.00e+07 24 2.719414831e+09 1.677467273e+00 1.677467273e+00 0.000000000e+00
