0.00e+00 32 1.822790914e+07 2.150938454e+06 2.150938454e+06 5.665235221e-06
1.00e-02 32 1.822437639e+07 2.143205575e+06 2.143205578e+06 -2.293122467e-03
5.00e-02 32 1.821027094e+07 2.112822189e+06 2.112822192e+06 -2.643824555e-03
1.00e-01 32 1.819269625e+07 2.076033301e+06 2.076033301e+06 -5.468726158e-06
5.00e-01 32 1.805431767e+07 1.822204561e+06 1.822204563e+06 -2.861893270e-03
1.00e+00 32 1.788659995e+07 1.580632196e+06 1.580632195e+06 9.479571600e-04
1.00e+01 32 1.554801935e+07 4.667749943e+05 4.667749943e+05 -2.861488611e-07
1.00e+02 32 8.946154060e+06 5.800758458e+04 5.800758458e+04 -1.214320946e-06
5.00e+02 32 6.556565262e+06 1.185812779e+04 1.185812779e+04 2.341039362e-09
1.00e+03 32 6.245407995e+06 5.945949780e+03 5.945949780e+03 -8.581082511e-09
1.00e+04 32 6.010313382e+06 5.969774714e+02 5.969774714e+02 1.890612111e-10
1.00e+05 32 6.347191172e+06 6.061261275e+01 6.061261275e+01 1.243449788e-12
1.00e+06 32 1.020613820e+07 6.961409972e+00 6.961409972e+00 3.552713679e-15
1.00e+07 32 5.478600613e+07 1.596142484e+00 1.596142484e+00 -2.220446049e-16
