0.00e+00 32 1.137564235e+08 1.423502704e+07 1.347220657e+07 7.628204735e+05
1.00e-06 32 1.129535362e+08 1.410549404e+07 1.410549397e+07 7.235884666e-02
5.00e-06 32 1.129442754e+08 1.361010799e+07 1.361010807e+07 -8.022165112e-02
1.00e-05 32 1.140808387e+08 1.303774951e+07 1.303774961e+07 -1.014683731e-01
5.00e-05 32 1.231333097e+08 9.755644414e+06 9.755644396e+06 1.777333021e-02
1.00e-04 32 1.343614656e+08 1.000000514e+00 1.000000000e+00 5.139484189e-07
5.00e-04 32 2.228904216e+08 2.545797290e+06 2.545797291e+06 -5.365032703e-04
1.00e-03 32 3.367087239e+08 1.397899431e+06 1.397899432e+06 -1.662535593e-03
5.00e-03 32 1.529211118e+09 3.034174004e+05 3.034174004e+05 -1.919834176e-05
1.00e-02 32 3.023093531e+09 1.533434300e+05 1.533434300e+05 1.138541847e-05
5.00e-02 32 1.497273001e+10 3.093607686e+04 3.093607686e+04 9.098876035e-07
1.00e-01 32 2.990945752e+10 1.548536348e+04 1.548536348e+04 -8.017741493e-08
5.00e-01 32 1.494020120e+11 3.100569979e+03 3.100569979e+03 -6.183199730e-09
1.00e+00 32 2.987657862e+11 1.550953735e+03 1.550953735e+03 1.364242053e-10
1.00e+01 32 2.987207404e+12 1.560105637e+02 1.560105637e+02 -3.171862772e-11
1.00e+02 32 2.987097643e+13 1.650120829e+01 1.650120829e+01 2.131628207e-14
5.00e+02 32 1.493538443e+14 4.100244369e+00 4.100244369e+00 8.881784197e-15
1.00e+03 32 2.987073474e+14 2.550122365e+00 2.550122365e+00 4.884981308e-15
1.00e+04 32 2.987070120e+15 1.155012370e+00 1.155012370e+00 -6.661338148e-16
1.00e+05 32 2.987069203e+16 1.015502256e+00 1.015502256e+00 -1.249222947e-12
1.00e+06 32 2.987066713e+17 1.001560724e+00 1.001560725e+00 -1.217509205e-09
1.00e+07 32 2.987092384e+18 1.000257203e+00 1.000257858e+00 -6.557008052e-07
