0.00e+00 32 4.143450622e+02 9.918467965e+08 9.918471287e+08 -3.321416956e+02
1.00e-02 32 4.143450622e+02 9.886588866e+08 9.886582523e+08 6.343443632e+02
5.00e-02 32 4.143450622e+02 9.761095650e+08 9.761099530e+08 -3.880161328e+02
1.00e-01 32 4.143450623e+02 9.608639255e+08 9.608646787e+08 -7.531829416e+02
5.00e-01 32 4.457136984e+02 8.541390486e+08 8.541387146e+08 3.339700857e+02
1.00e+00 32 4.995013890e+02 7.500081183e+08 7.500079392e+08 1.791044341e+02
1.00e+01 32 1.549862676e+03 2.347854894e+08 2.347854714e+08 1.794801435e+01
1.00e+02 32 1.213888364e+04 2.983463815e+07 2.983463734e+07 8.100200556e-01
5.00e+02 32 5.920697644e+04 6.114056499e+06 6.114056511e+06 -1.217257138e-02
1.00e+03 32 1.180418787e+05 3.066480120e+06 3.066480128e+06 -7.195084356e-03
1.00e+04 32 1.177012172e+06 3.075045461e+05 3.075045461e+05 -1.278612763e-05
1.00e+05 32 1.176182283e+07 3.075993722e+04 3.075993722e+04 4.645407898e-07
1.00e+06 32 1.172420610e+08 3.076979574e+03 3.076979574e+03 -9.799805412e-10
1.00e+07 32 1.147661280e+09 3.085988159e+02 3.085988159e+02 -3.052491593e-11
