0.00e+00 32 2.312142015e+03 2.631308439e+06 2.631308440e+06 -6.461720914e-04
1.00e-02 32 6.030994504e+05 1.207269384e+04 1.207269384e+04 -1.375701686e-08
5.00e-02 32 3.006308094e+06 2.425883457e+03 2.425883457e+03 -1.412445272e-09
1.00e-01 32 6.010320724e+06 1.214202256e+03 1.214202256e+03 -6.023128662e-10
5.00e-01 32 3.004241985e+07 2.439186979e+02 2.439186979e+02 1.864464139e-11
1.00e+00 32 6.008253588e+07 1.225745197e+02 1.225745197e+02 6.309619494e-12
1.00e+01 32 6.008033742e+08 1.335359640e+01 1.335359640e+01 -4.973799150e-14
1.00e+02 32 6.007970389e+09 2.430947627e+00 2.430947627e+00 8.881784197e-16
5.00e+02 32 3.003974220e+10 1.460079733e+00 1.460079733e+00 4.440892099e-16
1.00e+03 32 6.007944612e+10 1.338731304e+00 1.338731304e+00 8.881784197e-16
1.00e+04 32 6.007940853e+11 1.229524994e+00 1.229524994e+00 0.000000000e+00
1.00e+05 32 6.007940459e+12 1.218607508e+00 1.218607508e+00 -2.220446049e-16
1.00e+06 32 6.007940411e+13 1.217545527e+00 1.217545527e+00 -2.819966483e-14
1.00e+07 32 6.007940361e+14 1.218040860e+00 1.218041046e+00 -1.868946338e-07
