0.00e+00 32 2.312140806e+03 2.631308569e+03 2.631308569e+03 -9.335963114e-10
1.00e-02 32 6.024459836e+05 1.329514966e+01 1.329514966e+01 6.394884622e-14
5.00e-02 32 3.003057668e+06 3.643257482e+00 3.643257482e+00 7.105427358e-15
1.00e-01 32 6.003811977e+06 2.430943130e+00 2.430943130e+00 3.996802889e-15
5.00e-01 32 3.000980174e+07 1.460183267e+00 1.460183267e+00 6.661338148e-16
1.00e+00 32 6.001727811e+07 1.338789575e+00 1.338789575e+00 -6.661338148e-16
1.00e+01 32 6.001518214e+08 1.229531140e+00 1.229531140e+00 -8.881784197e-16
1.00e+02 32 6.001497236e+09 1.218605287e+00 1.218605287e+00 1.332267630e-15
5.00e+02 32 3.000747687e+10 1.217634111e+00 1.217634111e+00 -4.440892099e-16
1.00e+03 32 6.001495133e+10 1.217512728e+00 1.217512728e+00 -6.661338148e-16
1.00e+04 32 6.001494894e+11 1.217403725e+00 1.217403725e+00 -6.661338148e-16
1.00e+05 32 6.001496079e+12 1.217397389e+00 1.217397389e+00 -1.873656785e-11
1.00e+06 32 6.001490304e+13 1.217457749e+00 1.217457751e+00 -1.747528344e-09
1.00e+07 32 6.001456057e+14 1.218104404e+00 1.218104578e+00 -1.739156965e-07
