0.00e+00 48 4.367590433e+07 5.004715423e+06 5.004715421e+06 2.480878495e-03
1.00e-06 48 4.367590347e+07 5.004713462e+06 5.004713459e+06 2.554768696e-03
5.00e-06 48 4.367590001e+07 5.004705615e+06 5.004705622e+06 -7.365318015e-03
1.00e-05 48 4.367589568e+07 5.004695806e+06 5.004695807e+06 -8.705835789e-04
5.00e-05 48 4.367586104e+07 5.004617336e+06 5.004617341e+06 -4.192469642e-03
1.00e-04 48 4.367581775e+07 5.004519253e+06 5.004519251e+06 2.174859866e-03
5.00e-04 48 4.367547140e+07 5.003734725e+06 5.003734737e+06 -1.242117863e-02
1.00e-03 48 4.367503849e+07 5.002754410e+06 5.002754414e+06 -4.295740277e-03
5.00e-03 48 4.367157573e+07 4.994925699e+06 4.994925695e+06 3.876119852e-03
1.00e-02 48 4.366724867e+07 4.985174200e+06 4.985174191e+06 8.699128404e-03
5.00e-02 48 4.363268787e+07 4.908511836e+06 4.908511829e+06 6.680527702e-03
1.00e-01 48 4.358962514e+07 4.815937057e+06 4.815937066e+06 -8.323076181e-03
5.00e-01 48 4.325049351e+07 4.184567816e+06 4.184567817e+06 -5.767256953e-04
1.00e+00 48 4.283930027e+07 3.595375755e+06 3.595375760e+06 -4.996535368e-03
1.00e+01 48 3.709047674e+07 1.017246543e+06 1.017246542e+06 5.839532241e-04
1.00e+02 48 2.068838170e+07 1.245004525e+05 1.245004525e+05 -3.840163117e-06
5.00e+02 48 1.474160087e+07 2.540648890e+04 2.540648890e+04 1.692751539e-08
1.00e+03 48 1.400204883e+07 1.273606803e+04 1.273606803e+04 -2.996966941e-08
1.00e+04 48 1.344937986e+07 1.277430023e+03 1.277430023e+03 3.474269761e-10
1.00e+05 48 1.412889749e+07 1.286723084e+02 1.286723084e+02 2.359001883e-12
1.00e+06 48 2.192731378e+07 1.376752397e+01 1.376752397e+01 2.415845302e-13
1.00e+07 48 1.096096908e+08 2.276755330e+00 2.276755330e+00 3.108624469e-15
