0.00e+00 48 9.340444730e+02 9.090614039e+10 9.090228054e+10 3.859847003e+06
1.00e-02 48 3.351627300e+05 2.529453677e+08 2.529453479e+08 1.973130247e+01
5.00e-02 48 1.672079876e+06 5.070193610e+07 5.070193595e+07 1.511583254e-01
1.00e-01 48 3.343222925e+06 2.535804013e+07 2.535803985e+07 2.774050049e-01
5.00e-01 48 1.671223675e+07 5.072740846e+06 5.072740818e+06 2.810353134e-02
1.00e+00 48 9.340444730e+02 9.090614039e+10 9.090228054e+10 3.859847003e+06
1.00e+01 48 3.341912104e+08 2.536514387e+05 2.536514387e+05 4.867033567e-07
1.00e+02 48 3.341673384e+09 2.536610760e+04 2.536610760e+04 4.102548701e-08
5.00e+02 48 1.670822443e+10 5.074022708e+03 5.074022708e+03 9.989889804e-09
1.00e+03 48 3.341641249e+10 2.537511477e+03 2.537511477e+03 4.382854968e-09
1.00e+04 48 3.341637928e+11 2.546512287e+02 2.546512287e+02 -4.206412996e-11
1.00e+05 48 3.341637530e+12 2.636519721e+01 2.636519721e+01 -2.025046797e-13
1.00e+06 48 3.341637475e+13 3.536625682e+00 3.536625682e+00 -2.375877273e-13
1.00e+07 48 3.341637469e+14 1.254071191e+00 1.254071191e+00 -2.078470729e-11
