0.00e+00 32 2.776175065e+12 2.627814632e+09 2.627810990e+09 3.642788477e+03
1.00e-06 32 2.776176167e+12 2.627812907e+09 2.627816741e+09 -3.833955065e+03
5.00e-06 32 2.776172254e+12 2.627805206e+09 2.627806397e+09 -1.190987466e+03
1.00e-05 32 2.776171920e+12 2.627796296e+09 2.627795741e+09 5.547715778e+02
5.00e-05 32 2.776168641e+12 2.627722205e+09 2.627713527e+09 8.678100427e+03
1.00e-04 32 2.776173698e+12 2.627630566e+09 2.627634261e+09 -3.695402090e+03
5.00e-04 32 2.776171245e+12 2.626900839e+09 2.626897286e+09 3.553316638e+03
1.00e-03 32 2.776172369e+12 2.625986948e+09 2.625988762e+09 -1.814011806e+03
5.00e-03 32 2.776169329e+12 2.618706696e+09 2.618702459e+09 4.236897800e+03
1.00e-02 32 2.776156991e+12 2.609660366e+09 1.000000000e+00 2.609660365e+09
5.00e-02 32 2.776102863e+12 2.539484893e+09 2.539487068e+09 -2.175544657e+03
1.00e-01 32 2.776039923e+12 2.456899598e+09 2.456897871e+09 1.727273016e+03
5.00e-01 32 2.775572265e+12 1.949669422e+09 1.949666781e+09 2.640655798e+03
1.00e+00 32 2.775091327e+12 1.549736552e+09 1.000000000e+00 1.549736551e+09
1.00e+01 32 2.772157637e+12 3.831692264e+08 3.831692750e+08 -4.859800625e+01
1.00e+02 32 2.770509234e+12 4.506980266e+07 1.000000000e+00 4.506980166e+07
5.00e+02 32 2.770293169e+12 9.159976778e+06 9.159976675e+06 1.027502380e-01
1.00e+03 32 2.770262355e+12 4.589310471e+06 4.589310456e+06 1.510340162e-02
1.00e+04 32 2.770246909e+12 4.597749033e+05 4.597749033e+05 -1.786893699e-05
1.00e+05 32 2.770387741e+12 4.598703196e+04 4.598703196e+04 1.236337994e-06
1.00e+06 32 2.771813732e+12 4.599883147e+03 4.599883147e+03 -9.727955330e-09
1.00e+07 32 2.786057356e+12 4.610844890e+02 4.610844890e+02 -1.156195140e-10
