0.00e+00 24 1.110302064e+12 2.629421999e+09 2.629421069e+09 9.290876036e+02
1.00e-02 24 1.108187935e+12 2.611256488e+09 2.611255812e+09 6.766754584e+02
5.00e-02 24 1.099838675e+12 2.541037721e+09 2.541035523e+09 2.197871121e+03
1.00e-01 24 1.089635891e+12 2.458402285e+09 2.458401813e+09 4.721520391e+02
5.00e-01 24 1.016130905e+12 1.950861492e+09 1.950860162e+09 1.329610122e+03
1.00e+00 24 9.401796601e+11 1.550684483e+09 1.550683217e+09 1.265459480e+03
1.00e+01 24 4.886235453e+11 3.833874443e+08 3.833874506e+08 -6.268305659e+00
1.00e+02 24 3.827828310e+11 4.509715989e+07 4.509715878e+07 1.108156815e+00
5.00e+02 24 3.778242857e+11 9.165570605e+06 9.165570620e+06 -1.433776319e-02
1.00e+03 24 3.772469570e+11 4.592114982e+06 4.592114986e+06 -4.046264105e-03
1.00e+04 24 3.767361898e+11 4.600560610e+05 4.600560609e+05 1.138158841e-04
1.00e+05 24 3.766981946e+11 4.601515651e+04 4.601515651e+04 1.702937880e-07
1.00e+06 24 3.768213054e+11 4.602695743e+03 4.602695743e+03 -3.879904398e-09
1.00e+07 24 3.781036237e+11 4.613659441e+02 4.613659441e+02 1.102762326e-11
