0.00e+00 24 1.110970204e+06 2.629421960e+03 2.629421960e+03 -4.806679499e-10
1.00e-02 24 1.108860217e+06 2.611263603e+03 2.611263603e+03 -3.871718945e-09
5.00e-02 24 1.100527446e+06 2.541071638e+03 2.541071638e+03 -2.272372512e-09
1.00e-01 24 1.090345105e+06 2.458467678e+03 2.458467678e+03 -4.956746125e-10
5.00e-01 24 1.016997149e+06 1.951119488e+03 1.951119488e+03 3.196873877e-10
1.00e+00 24 9.412270649e+05 1.551094953e+03 1.551094953e+03 1.405169314e-10
1.00e+01 24 4.914030618e+05 3.844016752e+02 3.844016752e+02 1.705302566e-12
1.00e+02 24 4.043150576e+05 4.629013639e+01 4.629013639e+01 1.065814104e-13
5.00e+02 24 4.889521790e+05 1.037787744e+01 1.037787744e+01 -3.552713679e-15
1.00e+03 24 6.034218844e+05 5.806895358e+00 5.806895358e+00 -3.552713679e-15
1.00e+04 24 2.723460489e+06 1.677125189e+00 1.677125189e+00 -2.220446049e-16
1.00e+05 24 2.402389377e+07 1.263366968e+00 1.263366968e+00 -4.440892099e-16
1.00e+06 24 2.375100064e+08 1.221988830e+00 1.221988830e+00 4.440892099e-16
1.00e+07 24 2.373280540e+09 1.217851059e+00 1.217851059e+00 -2.220446049e-16
