0.00e+00 32 4.143450622e+02 2.150938454e+06 2.150938457e+06 -2.676311415e-03
1.00e-02 32 4.143450633e+02 2.143205575e+06 2.143205576e+06 -1.034436282e-03
5.00e-02 32 4.143451389e+02 2.112822189e+06 2.112822188e+06 1.268690452e-03
1.00e-01 32 4.169460069e+02 2.076033301e+06 2.076033302e+06 -5.739910994e-04
5.00e-01 32 4.627665979e+02 1.822204561e+06 1.822204560e+06 5.110062193e-04
1.00e+00 32 5.274488559e+02 1.580632196e+06 1.580632196e+06 -5.863721017e-04
1.00e+01 32 1.750248470e+03 4.667749943e+05 4.667749944e+05 -7.443904178e-05
1.00e+02 32 1.403215526e+04 5.800758458e+04 5.800758458e+04 -7.823036867e-07
5.00e+02 32 6.852446718e+04 1.185812779e+04 1.185812779e+04 -6.756636139e-08
1.00e+03 32 1.364498565e+05 5.945949780e+03 5.945949780e+03 6.878508430e-09
1.00e+04 32 1.333883495e+06 5.969774714e+02 5.969774714e+02 6.446043699e-11
1.00e+05 32 1.203080054e+07 6.061261275e+01 6.061261275e+01 1.378452907e-12
1.00e+06 32 9.259768686e+07 6.961409972e+00 6.961409972e+00 6.217248938e-15
1.00e+07 32 7.763761621e+08 1.596142484e+00 1.596142484e+00 1.998401444e-15
