0.00e+00 32 1.137260123e+11 1.000000000e+00 1.000000000e+00 3.285085537e-10
1.00e-06 32 1.129230163e+11 1.410529125e+10 1.410532642e+10 -3.516389303e+04
5.00e-06 32 1.129126061e+11 1.360990400e+10 1.360996240e+10 -5.840263207e+04
1.00e-05 32 1.140474785e+11 1.303760638e+10 1.303761164e+10 -5.255572577e+03
5.00e-05 32 1.230895353e+11 9.755469484e+09 9.755391575e+09 7.790928460e+04
1.00e-04 32 1.343071732e+11 7.420437271e+09 7.420411867e+09 2.540470923e+04
5.00e-04 32 2.227637959e+11 2.545736311e+09 2.545738751e+09 -2.440020055e+03
1.00e-03 32 3.366246908e+11 1.397865677e+09 1.397865644e+09 3.257464075e+01
5.00e-03 32 1.527166134e+12 3.034089934e+08 3.034089890e+08 4.317094624e+00
1.00e-02 32 3.018902704e+12 1.533386655e+08 1.533386815e+08 -1.607750842e+01
5.00e-02 32 1.495139282e+13 3.093431633e+07 3.093431624e+07 9.478005022e-02
1.00e-01 32 2.986672249e+13 1.548398245e+07 1.548398253e+07 -8.244944736e-02
5.00e-01 32 1.491892314e+14 3.099494478e+06 3.099494478e+06 -4.108650610e-04
1.00e+00 32 2.983421360e+14 1.549916517e+06 1.549916516e+06 1.028106548e-03
1.00e+01 32 2.983094959e+15 1.550077458e+05 1.550077458e+05 -2.118691918e-05
1.00e+02 32 2.983064300e+16 1.550182651e+04 1.550182651e+04 -1.255557436e-07
5.00e+02 32 1.491530732e+17 3.101167788e+03 3.101167788e+03 -4.379216989e-10
1.00e+03 32 2.983061281e+17 1.551084185e+03 1.551084185e+03 5.738911568e-10
1.00e+04 32 2.983061566e+18 1.560084445e+02 1.560084445e+02 -2.614797268e-12
1.00e+05 32 2.983061805e+19 1.650085953e+01 1.650085953e+01 -6.988187806e-12
1.00e+06 32 2.983054487e+20 2.550110397e+00 2.550110397e+00 -2.122568787e-11
1.00e+07 32 2.982767061e+21 1.155124981e+00 1.155124983e+00 -1.807951344e-09
