0.00e+00 32 2.778275327e+06 2.627844215e+03 2.627844215e+03 -1.643911673e-09
1.00e-06 32 2.778275327e+06 2.627842388e+03 2.627842388e+03 -1.524767868e-09
5.00e-06 32 2.778275328e+06 2.627835078e+03 2.627835078e+03 -2.160049917e-09
1.00e-05 32 2.778275330e+06 2.627825942e+03 2.627825942e+03 -1.285570761e-09
5.00e-05 32 2.778275339e+06 2.627752850e+03 2.627752850e+03 2.117303666e-09
1.00e-04 32 2.778275351e+06 2.627661491e+03 2.627661491e+03 -3.653440217e-09
5.00e-04 32 2.778275578e+06 2.626930848e+03 2.626930848e+03 -5.334186426e-10
1.00e-03 32 2.778275829e+06 2.626018115e+03 2.626018115e+03 -1.903117663e-09
5.00e-03 32 2.778277842e+06 2.618739035e+03 2.618739035e+03 -4.883077054e-09
1.00e-02 32 2.778280373e+06 2.609696757e+03 2.609696757e+03 -7.485141396e-10
5.00e-02 32 2.778301169e+06 2.539546921e+03 2.539546921e+03 2.833075996e-10
1.00e-01 32 2.778328477e+06 2.456992540e+03 2.456992540e+03 -1.837179298e-10
5.00e-01 32 2.778591297e+06 1.949948859e+03 1.949948859e+03 -6.034497346e-10
1.00e+00 32 2.779004693e+06 1.550164419e+03 1.550164419e+03 -1.039097697e-10
1.00e+01 32 2.790906002e+06 3.841874937e+02 3.841874937e+02 7.565859050e-11
1.00e+02 32 2.933263566e+06 4.626308779e+01 4.626308779e+01 -2.700062396e-13
5.00e+02 32 3.592580433e+06 1.037219011e+01 1.037219011e+01 -7.105427358e-15
1.00e+03 32 4.439137605e+06 5.803954069e+00 5.803954069e+00 -2.664535259e-15
1.00e+04 32 2.005092851e+07 1.676745698e+00 1.676745698e+00 -1.110223025e-15
1.00e+05 32 1.771056371e+08 1.263320456e+00 1.263320456e+00 4.440892099e-16
1.00e+06 32 1.752767607e+09 1.221984006e+00 1.221984006e+00 6.661338148e-16
1.00e+07 32 1.751662440e+10 1.217850579e+00 1.217850579e+00 2.220446049e-16
