0.00e+00 32 4.153924349e+02 4.088742603e+04 4.088742603e+04 1.921143848e-07
1.00e-02 32 6.575063554e+04 2.584339359e+02 2.584339359e+02 2.762590157e-11
5.00e-02 32 3.270937717e+05 5.274744186e+01 5.274744186e+01 1.847411113e-13
1.00e-01 32 6.537726896e+05 2.689010469e+01 2.689010469e+01 -6.608047443e-13
5.00e-01 32 3.267204023e+06 6.180645329e+00 6.180645329e+00 2.842170943e-14
1.00e+00 32 6.533993186e+06 3.590486782e+00 3.590486782e+00 1.021405183e-14
1.00e+01 32 6.533619813e+07 1.259063451e+00 1.259063451e+00 1.332267630e-15
1.00e+02 32 6.533582475e+08 1.025906493e+00 1.025906493e+00 6.661338148e-16
5.00e+02 32 3.266789578e+09 1.005181304e+00 1.005181304e+00 -4.440892099e-16
1.00e+03 32 6.533578741e+09 1.002590658e+00 1.002590658e+00 -1.110223025e-15
1.00e+04 32 6.533578366e+10 1.000259148e+00 1.000259148e+00 -5.107025913e-15
1.00e+05 32 6.533578328e+11 1.000026822e+00 1.000026822e+00 -6.835865207e-12
1.00e+06 32 6.533578218e+12 1.000017660e+00 1.000018849e+00 -1.188930435e-06
1.00e+07 32 6.533577679e+13 1.000185595e+00 1.000197741e+00 -1.214676779e-05
