0.00e+00 32 4.294510071e+11 1.423480465e+10 1.423476966e+10 3.499599413e+04
1.00e-06 32 4.294509379e+11 1.637258314e+05 1.000000000e+00 1.637248314e+05
5.00e-06 32 4.294511289e+11 1.637257970e+05 1.000000000e+00 1.637247970e+05
1.00e-05 32 4.294510475e+11 1.637252120e+05 1.000000000e+00 1.637242120e+05
5.00e-05 32 4.294509951e+11 1.637221243e+05 1.000000000e+00 1.637211243e+05
1.00e-04 32 4.294507805e+11 1.637177747e+05 1.000000000e+00 1.637167747e+05
5.00e-04 32 4.294506260e+11 1.423127280e+10 1.423132552e+10 -5.272668139e+04
1.00e-03 32 4.294507549e+11 1.422769052e+10 1.422763742e+10 5.310560864e+04
5.00e-03 32 4.294497562e+11 1.419936787e+10 1.419932375e+10 4.412445993e+04
1.00e-02 32 4.294481842e+11 1.629137102e+05 1.000000000e+00 1.629127102e+05
5.00e-02 32 4.294383262e+11 1.388760381e+10 1.388754617e+10 5.764362454e+04
1.00e-01 32 4.294265427e+11 1.355699418e+10 5.953645392e+09 7.603348787e+09
5.00e-01 32 4.293450504e+11 1.138786686e+10 1.000000000e+00 1.138786686e+10
1.00e+00 32 4.292659112e+11 9.489870052e+09 1.000000000e+00 9.489870051e+09
1.00e+01 32 4.288626876e+11 2.372469242e+09 2.337897873e+09 3.457136876e+07
1.00e+02 32 4.286757906e+11 2.791139940e+08 2.791139741e+08 1.989612424e+01
5.00e+02 32 4.286475807e+11 5.671240228e+07 5.671240304e+07 -7.588135973e-01
1.00e+03 32 4.286436573e+11 2.841280189e+07 2.841280187e+07 1.872085780e-02
1.00e+04 32 4.286417698e+11 2.846394467e+06 2.846394470e+06 -2.921251114e-03
1.00e+05 32 4.286606517e+11 2.846915694e+05 2.846915695e+05 -5.217303988e-05
1.00e+06 32 4.288525653e+11 2.847056885e+04 2.847056884e+04 4.502035154e-07
1.00e+07 32 4.307703956e+11 2.847962083e+03 2.847962083e+03 9.389168554e-09
