0.00e+00 24 2.337171588e+02 2.329384350e+07 2.329384355e+07 -4.940984398e-02
1.00e-02 24 2.074887596e+04 2.612526081e+05 2.612526082e+05 -3.608144470e-05
5.00e-02 24 1.027909670e+05 5.272437597e+04 5.272437597e+04 5.871697795e-08
1.00e-01 24 2.053070942e+05 2.639255536e+04 2.639255536e+04 7.690687198e-09
5.00e-01 24 1.024911766e+06 5.284099607e+03 5.284099607e+03 1.905573299e-08
1.00e+00 24 2.049172714e+06 2.642849392e+03 2.642849392e+03 -5.011315807e-09
1.00e+01 24 2.048508661e+07 2.652119081e+02 2.652119081e+02 1.460875865e-11
1.00e+02 24 2.048438504e+08 2.742146052e+01 2.742146052e+01 -6.039613254e-14
5.00e+02 24 1.024216073e+09 6.284296903e+00 6.284296903e+00 3.552713679e-15
1.00e+03 24 2.048431342e+09 3.642148756e+00 3.642148756e+00 1.332267630e-15
1.00e+04 24 2.048430613e+10 1.264214949e+00 1.264214949e+00 -6.661338148e-16
1.00e+05 24 2.048430540e+11 1.026421851e+00 1.026421851e+00 -1.110223025e-15
1.00e+06 24 2.048430533e+12 1.002645499e+00 1.002645499e+00 -2.488675932e-12
1.00e+07 24 2.048430532e+13 1.000299858e+00 1.000299860e+00 -1.760989354e-09
