0.00e+00 32 2.776291562e+09 2.627819987e+06 1.000000000e+00 2.627818987e+06
1.00e-06 32 2.776291552e+09 2.627818162e+06 2.627818164e+06 -2.631502692e-03
5.00e-06 32 2.776291553e+09 2.627810848e+06 2.627810849e+06 -1.247767825e-03
1.00e-05 32 2.776291542e+09 2.627801707e+06 2.627801713e+06 -6.031755824e-03
5.00e-05 32 2.776291486e+09 2.627728589e+06 2.627728589e+06 8.883303963e-04
1.00e-04 32 2.776291418e+09 2.627637195e+06 2.627637193e+06 2.226255834e-03
5.00e-04 32 2.776290872e+09 2.626906282e+06 1.000000000e+00 2.626905282e+06
1.00e-03 32 2.776290183e+09 2.625993212e+06 2.625993204e+06 7.573899347e-03
5.00e-03 32 2.776284701e+09 2.618711430e+06 2.618711431e+06 -9.085275233e-04
1.00e-02 32 2.776277885e+09 2.609665798e+06 2.609665798e+06 -2.775434405e-05
5.00e-02 32 2.776223934e+09 2.539489939e+06 2.539489940e+06 -1.497272402e-03
1.00e-01 32 2.776158160e+09 2.456904932e+06 2.456904929e+06 2.101581544e-03
5.00e-01 32 2.775688810e+09 1.949673151e+06 1.949673151e+06 7.609839085e-04
1.00e+00 32 2.775210609e+09 1.549740403e+06 1.549740402e+06 9.017603006e-04
1.00e+01 32 2.772294757e+09 3.831709176e+05 3.831709175e+05 7.469567936e-05
1.00e+02 32 2.770791518e+09 4.507108905e+04 4.507108905e+04 3.521563485e-08
5.00e+02 32 2.771188255e+09 9.161206883e+03 9.161206883e+03 -1.388070814e-08
1.00e+03 32 2.771941725e+09 4.590533237e+03 4.590533237e+03 -2.366505214e-09
1.00e+04 32 2.786123754e+09 4.609914203e+02 4.609914203e+02 2.115712050e-10
1.00e+05 32 2.929912204e+09 4.720292716e+01 4.720292716e+01 8.029132914e-13
1.00e+06 32 4.434986916e+09 5.815743119e+00 5.815743119e+00 -2.309263891e-14
1.00e+07 32 2.003331978e+10 1.677082438e+00 1.677082438e+00 4.440892099e-16
