0.00e+00 48 6.777043418e+08 9.090653137e+07 9.090652876e+07 2.609938309e+00
1.00e-02 48 6.758347724e+08 9.045425987e+07 9.045425696e+07 2.911409840e+00
5.00e-02 48 6.684791004e+08 8.868929896e+07 1.000000000e+00 8.868929796e+07
1.00e-01 48 6.595506259e+08 8.657764851e+07 8.657764875e+07 -2.306526601e-01
5.00e-01 48 5.971861956e+08 7.272522513e+07 7.272522400e+07 1.130786568e+00
1.00e+00 48 5.363931025e+08 6.060435430e+07 6.060435416e+07 1.408414841e-01
1.00e+01 48 2.675428786e+08 1.515108936e+07 1.515108909e+07 2.654125299e-01
1.00e+02 48 2.325614348e+08 1.782481983e+06 1.782481985e+06 -2.197119407e-03
5.00e+02 48 2.307184453e+08 3.621784109e+05 3.621784110e+05 -6.704038242e-05
1.00e+03 48 2.305505150e+08 1.814511600e+05 1.814511600e+05 9.095878340e-06
1.00e+04 48 2.313836521e+08 1.817867049e+04 1.817867049e+04 2.058732207e-07
1.00e+05 48 2.417038411e+08 1.819094241e+03 1.819094241e+03 1.864009391e-09
1.00e+06 48 3.451089153e+08 1.828126967e+02 1.828126967e+02 6.309619494e-12
1.00e+07 48 1.379418354e+09 1.918130243e+01 1.918130243e+01 9.237055565e-14
