0.00e+00 32 3.071006976e+08 4.084861527e+07 4.084861520e+07 7.441628724e-02
1.00e-02 32 3.062587422e+08 4.064538826e+07 4.064538890e+07 -6.444947943e-01
5.00e-02 32 3.029463228e+08 3.985230766e+07 3.985230685e+07 8.148240373e-01
1.00e-01 32 2.989260434e+08 3.890344326e+07 3.890344305e+07 2.096415013e-01
5.00e-01 32 2.708584020e+08 3.267889239e+07 3.267889265e+07 -2.617073096e-01
1.00e+00 32 2.435255922e+08 2.723241062e+07 2.723241017e+07 4.487071857e-01
1.00e+01 32 1.231242004e+08 6.808103386e+06 6.808103379e+06 7.249284536e-03
1.00e+02 32 1.066864140e+08 8.009542215e+05 1.000000000e+00 8.009532215e+05
5.00e+02 32 1.057874594e+08 1.627444833e+05 1.627444833e+05 -6.532267435e-06
1.00e+03 32 1.057037630e+08 8.153516027e+04 8.153516027e+04 6.480258889e-07
1.00e+04 32 1.060787329e+08 8.169089241e+03 8.169089241e+03 2.669366950e-08
1.00e+05 32 1.107993357e+08 8.179559468e+02 8.179559468e+02 -1.519993020e-10
1.00e+06 32 1.581097926e+08 8.269706520e+01 8.269706520e+01 -6.963318810e-13
1.00e+07 32 6.315672737e+08 9.169721234e+00 9.169721234e+00 3.375077995e-14
