0.00e+00 32 2.312142016e+03 2.631308356e+09 2.631306560e+09 1.795973757e+03
1.00e-02 32 6.031492346e+05 1.207147137e+07 1.207147139e+07 -1.518943720e-02
5.00e-02 32 3.006585263e+06 2.424666099e+06 2.424666097e+06 2.312118653e-03
1.00e-01 32 6.010875483e+06 1.212985544e+06 1.212985544e+06 4.840805195e-05
5.00e-01 32 3.004500737e+07 2.427025043e+05 2.427025043e+05 3.128021490e-06
1.00e+00 32 6.008721715e+07 1.213583909e+05 1.213583909e+05 4.001703928e-06
1.00e+01 32 6.008129309e+08 1.213752242e+04 1.213752242e+04 -3.547756933e-08
1.00e+02 32 6.008040022e+09 1.214853674e+03 1.214853674e+03 5.638867151e-11
5.00e+02 32 3.004016496e+10 2.439446663e+02 2.439446663e+02 -6.735945135e-12
1.00e+03 32 6.008031325e+10 1.225809818e+02 1.225809818e+02 -5.826450433e-13
1.00e+04 32 6.008017324e+11 1.335365801e+01 1.335365801e+01 8.171241461e-14
1.00e+05 32 6.007974555e+12 2.430953496e+00 2.430953496e+00 -1.332267630e-15
1.00e+06 32 6.007950836e+13 1.338760786e+00 1.338760786e+00 -2.065014826e-14
1.00e+07 32 6.007947283e+14 1.229843798e+00 1.229843798e+00 -2.515765374e-12
