0.00e+00 24 1.299951531e+03 2.629421372e+09 2.629421028e+09 3.439123278e+02
1.00e-02 24 1.899750863e+05 2.144790419e+07 2.144790396e+07 2.273378707e-01
5.00e-02 24 9.447352839e+05 4.322428268e+06 4.322428266e+06 1.589787193e-03
1.00e-01 24 1.888184700e+06 2.163288530e+06 2.163288529e+06 9.098276496e-04
5.00e-01 24 9.435746070e+06 4.329911655e+05 4.329911655e+05 -7.334572729e-06
1.00e+00 24 1.887011381e+07 2.165169931e+05 2.165169931e+05 -1.650757622e-05
1.00e+01 24 1.886754522e+08 2.165466739e+04 2.165466739e+04 1.078733476e-07
1.00e+02 24 1.886598275e+09 2.166580989e+03 2.166580989e+03 -3.170498530e-09
5.00e+02 24 9.432941785e+09 4.342903299e+02 4.342903299e+02 5.337597031e-11
1.00e+03 24 1.886586960e+10 2.177538107e+02 2.177538107e+02 2.475530891e-11
1.00e+04 24 1.886581413e+11 2.287091085e+01 2.287091085e+01 6.394884622e-14
1.00e+05 24 1.886560682e+12 3.382641413e+00 3.382641413e+00 0.000000000e+00
1.00e+06 24 1.886542629e+13 1.433894339e+00 1.433894339e+00 -6.439293543e-15
1.00e+07 24 1.886539241e+14 1.239182819e+00 1.239182819e+00 -8.035794252e-13
