0.00e+00 32 1.803348530e+04 1.275147535e+09 1.275146829e+09 7.064183445e+02
1.00e-06 32 1.810455629e+04 1.114134508e+09 1.114134666e+09 -1.578435628e+02
5.00e-06 32 2.397952202e+04 7.457932368e+08 7.457932048e+08 3.202839255e+01
1.00e-05 32 3.163665450e+04 5.375493276e+08 5.375493114e+08 1.623116195e+01
5.00e-05 32 9.538197043e+04 1.745904266e+08 1.745903998e+08 2.688901579e+01
1.00e-04 32 1.789901558e+05 9.505118849e+07 9.505117597e+07 1.251790115e+01
5.00e-04 32 8.479494829e+05 2.049122753e+07 2.049122738e+07 1.431177072e-01
1.00e-03 32 1.684160835e+06 1.034776906e+07 1.034776902e+07 4.084588215e-02
5.00e-03 32 8.373859892e+06 2.086259127e+06 2.086259131e+06 -3.213576041e-03
1.00e-02 32 1.673598110e+07 1.044185842e+06 1.044185842e+06 2.442885889e-04
5.00e-02 32 8.363282637e+07 2.090074221e+05 2.090074221e+05 2.372835297e-07
1.00e-01 32 1.672536154e+08 1.045149068e+05 1.045149068e+05 2.314336598e-06
5.00e-01 32 8.362114997e+08 2.090564179e+04 2.090564179e+04 -2.604683687e-07
1.00e+00 32 1.672391261e+09 1.045353014e+04 1.045353014e+04 -7.421112969e-08
1.00e+01 32 1.672133909e+10 1.046448475e+03 1.046448475e+03 1.052285370e-09
1.00e+02 32 1.670729207e+11 1.057308998e+02 1.057308998e+02 1.321609489e-11
5.00e+02 32 8.336403207e+11 2.211161898e+01 2.211161898e+01 -3.730349363e-13
1.00e+03 32 1.664605909e+12 1.165936561e+01 1.165936561e+01 9.059419881e-14
1.00e+04 32 1.652562244e+13 2.254579189e+00 2.254579189e+00 -3.108624469e-15
1.00e+05 32 1.646926088e+14 1.319437932e+00 1.319437932e+00 -8.881784197e-16
1.00e+06 32 1.646097420e+15 1.227548712e+00 1.227548712e+00 -9.459100170e-13
1.00e+07 32 1.646010382e+16 1.218644494e+00 1.218644494e+00 -8.675571372e-11
