0.00e+00 32 4.153951612e+02 4.084850701e+10 4.084878665e+10 -2.796385714e+05
1.00e-02 32 6.588892532e+04 2.569083046e+08 2.569082710e+08 3.358757707e+01
5.00e-02 32 3.277849967e+05 5.164149242e+07 1.000000000e+00 5.164149142e+07
1.00e-01 32 6.551547863e+05 2.583707855e+07 2.583707820e+07 3.459099419e-01
5.00e-01 32 3.274101154e+06 5.170032580e+06 5.170032570e+06 9.416616522e-03
1.00e+00 32 6.547754420e+06 2.585180387e+06 2.585180387e+06 5.394071341e-04
1.00e+01 32 6.546821966e+07 2.585336643e+05 2.585336643e+05 5.213776603e-06
1.00e+02 32 6.543731723e+08 2.585441370e+04 2.585441370e+04 6.066329661e-08
5.00e+02 32 3.270834260e+09 5.171685371e+03 5.171685371e+03 2.030901669e-09
1.00e+03 32 6.541310120e+09 2.586342859e+03 2.586342859e+03 -9.413270163e-11
1.00e+04 32 6.540969581e+10 2.595343232e+02 2.595343232e+02 1.364242053e-12
1.00e+05 32 6.540934589e+11 2.685345377e+01 2.685345377e+01 7.496225862e-13
1.00e+06 32 6.540931036e+12 3.585375754e+00 3.585375754e+00 -7.016609516e-14
1.00e+07 32 6.540930678e+13 1.258673280e+00 1.258673280e+00 -3.805622484e-12
