0.00e+00 24 1.759759768e+11 2.329383450e+10 1.000000000e+00 2.329383450e+10
1.00e-02 24 1.754967556e+11 2.317794230e+10 2.317782443e+10 1.178685118e+05
5.00e-02 24 1.736115072e+11 2.272567321e+10 2.272550232e+10 1.708869954e+05
1.00e-01 24 1.713236086e+11 2.218460359e+10 2.218441893e+10 1.846562605e+05
5.00e-01 24 1.553581754e+11 1.863508377e+10 1.863497085e+10 1.129241067e+05
1.00e+00 24 1.398262986e+11 1.552922047e+10 1.552914238e+10 7.809766212e+04
1.00e+01 24 7.167553613e+10 3.882303304e+09 3.882297895e+09 5.408857960e+03
1.00e+02 24 6.195419334e+10 4.567416036e+08 4.567414510e+08 1.526197213e+02
5.00e+02 24 6.139143916e+10 9.280407120e+07 9.280406183e+07 9.373361722e+00
1.00e+03 24 6.132404573e+10 4.649465474e+07 4.649465446e+07 2.774575576e-01
1.00e+04 24 6.126419294e+10 4.657833747e+06 4.657833749e+06 -1.552899368e-03
1.00e+05 24 6.126094602e+10 4.658681140e+05 4.658681140e+05 9.284878615e-06
1.00e+06 24 6.128772494e+10 4.658854996e+04 4.658854996e+04 4.182584235e-07
1.00e+07 24 6.156143740e+10 4.659763384e+03 4.659763384e+03 5.054062058e-09
