0.00e+00 32 8.016147401e+09 9.918467988e+08 9.918467114e+08 8.735219288e+01
1.00e-02 32 8.015426745e+09 9.886588866e+08 9.886580216e+08 8.649800140e+02
5.00e-02 32 8.012547654e+09 9.761095647e+08 9.761094799e+08 8.480986214e+01
1.00e-01 32 8.008956689e+09 9.608639237e+08 9.608636519e+08 2.717829713e+02
5.00e-01 32 7.980535211e+09 8.541390480e+08 8.541391421e+08 -9.405056202e+01
1.00e+00 32 7.945732240e+09 7.500081178e+08 7.500079050e+08 2.127908765e+02
1.00e+01 32 7.414801759e+09 2.347854894e+08 2.347854819e+08 7.509123296e+00
1.00e+02 32 5.129412788e+09 2.983463816e+07 2.983463878e+07 -6.167000160e-01
5.00e+02 32 3.476494143e+09 6.114056500e+06 6.114056489e+06 1.113318652e-02
1.00e+03 32 3.158398357e+09 3.066480120e+06 3.066480124e+06 -3.823080566e-03
1.00e+04 32 2.860560257e+09 3.075045461e+05 3.075045461e+05 -5.563063314e-05
1.00e+05 32 2.829783888e+09 3.075993722e+04 3.075993722e+04 4.126522981e-07
1.00e+06 32 2.828553672e+09 3.076979574e+03 3.076979574e+03 -1.337411959e-09
1.00e+07 32 2.847830304e+09 3.085988159e+02 3.085988159e+02 -3.143441063e-11
