0.00e+00 24 2.337171613e+02 2.329382270e+10 2.329373374e+10 8.896178888e+04
1.00e-02 24 2.075007506e+04 2.612510725e+08 1.000000000e+00 2.612510715e+08
5.00e-02 24 1.028175552e+05 5.272326822e+07 5.272326837e+07 -1.457723081e-01
1.00e-01 24 2.054018522e+05 2.639150193e+07 2.639150170e+07 2.292323895e-01
5.00e-01 24 1.026074104e+06 5.283089700e+06 5.283089694e+06 5.797756836e-03
1.00e+00 24 2.051909120e+06 2.641844938e+06 2.641844938e+06 3.922684118e-05
1.00e+01 24 2.051595469e+07 2.642123625e+05 2.642123625e+05 2.404587576e-05
1.00e+02 24 2.050745243e+08 2.642240597e+04 2.642240597e+04 -1.114458428e-07
5.00e+02 24 1.024680311e+09 5.285285992e+03 5.285285992e+03 1.000444172e-08
1.00e+03 24 2.048942482e+09 2.643143299e+03 2.643143299e+03 -3.539753379e-09
1.00e+04 24 2.048487790e+10 2.652143647e+02 2.652143647e+02 -1.472244548e-11
1.00e+05 24 2.048438568e+11 2.742144559e+01 2.742144559e+01 -9.272582702e-13
1.00e+06 24 2.048433498e+12 3.642155774e+00 3.642155774e+00 -1.376676551e-14
1.00e+07 24 2.048432979e+13 1.264261264e+00 1.264261264e+00 -2.036149027e-12
