0.00e+00 48 1.938181454e+10 2.221118199e+09 2.221113922e+09 4.277233590e+03
1.00e-06 48 1.938181436e+10 2.221117396e+09 2.221118887e+09 -1.491615013e+03
5.00e-06 48 1.938181364e+10 2.221114194e+09 2.221114857e+09 -6.631252990e+02
1.00e-05 48 1.938181274e+10 2.221110186e+09 2.221111674e+09 -1.488054442e+03
5.00e-05 48 1.938180551e+10 2.221078123e+09 2.221074673e+09 3.450624969e+03
1.00e-04 48 1.938179647e+10 2.221038055e+09 2.221037072e+09 9.833077111e+02
5.00e-04 48 1.938172416e+10 2.220717524e+09 2.220716549e+09 9.755874867e+02
1.00e-03 48 1.938163378e+10 2.220316995e+09 2.220316025e+09 9.702598333e+02
5.00e-03 48 1.938091082e+10 2.217117997e+09 2.217117026e+09 9.705348110e+02
1.00e-02 48 1.938000730e+10 2.213132195e+09 2.213134501e+09 -2.306378465e+03
5.00e-02 48 1.937278687e+10 2.181754314e+09 2.181752541e+09 1.772535411e+03
1.00e-01 48 1.936378040e+10 2.143761386e+09 2.143762033e+09 -6.467342916e+02
5.00e-01 48 1.929247000e+10 1.881628900e+09 1.881630866e+09 -1.966131610e+03
1.00e+00 48 1.920509065e+10 1.632159634e+09 1.632160434e+09 -7.996483178e+02
1.00e+01 48 1.786753241e+10 4.819652043e+08 4.819651753e+08 2.903455979e+01
1.00e+02 48 1.205815507e+10 5.989324950e+07 5.989325253e+07 -3.025370099e+00
5.00e+02 48 7.806616687e+09 1.224275491e+07 1.224275494e+07 -2.129924856e-02
1.00e+03 48 7.007868109e+09 6.138295028e+06 6.138295032e+06 -4.304557107e-03
1.00e+04 48 6.293810842e+09 6.153609535e+05 6.153609532e+05 2.643585904e-04
1.00e+05 48 6.222948496e+09 6.155234285e+04 6.155234285e+04 1.441854693e-06
1.00e+06 48 6.219434888e+09 6.156287802e+03 6.156287802e+03 1.086755219e-08
1.00e+07 48 6.256407127e+09 6.165303154e+02 6.165303154e+02 1.214175427e-10
