0.00e+00 48 9.331094332e+02 1.876800710e+04 1.876800710e+04 -2.175147529e-08
1.00e-06 48 9.331094332e+02 1.876799877e+04 1.876799877e+04 1.092812454e-07
5.00e-06 48 9.331094332e+02 1.876796543e+04 1.876796543e+04 -2.032284101e-07
1.00e-05 48 9.331094332e+02 1.876792376e+04 1.876792376e+04 -3.009699867e-08
5.00e-05 48 9.331094336e+02 1.876759038e+04 1.876759038e+04 -1.031658030e-07
1.00e-04 48 9.331094347e+02 1.876717367e+04 1.876717367e+04 7.736889529e-08
5.00e-04 48 9.331094732e+02 1.876384066e+04 1.876384066e+04 -3.801687853e-09
1.00e-03 48 9.331096041e+02 1.875967606e+04 1.875967606e+04 1.275730028e-07
5.00e-03 48 9.331189419e+02 1.872642571e+04 1.872642571e+04 2.954038791e-08
1.00e-02 48 9.335533829e+02 1.868502817e+04 1.868502817e+04 -4.103640094e-08
5.00e-02 48 9.443683876e+02 1.836032281e+04 1.836032281e+04 1.204534783e-08
1.00e-01 48 9.605088568e+02 1.796997454e+04 1.796997454e+04 8.229108062e-09
5.00e-01 48 1.104893642e+03 1.535788162e+04 1.535788162e+04 2.103697625e-07
1.00e+00 48 1.371361371e+05 1.299649007e+04 1.299649007e+04 5.724905350e-08
1.00e+01 48 9.861194329e+04 3.450076181e+03 3.450076181e+03 -1.198714017e-09
1.00e+02 48 5.645075022e+04 4.142637709e+02 4.142637709e+02 -1.365378921e-10
5.00e+02 48 6.162802997e+04 8.513492624e+01 8.513492624e+01 6.252776075e-13
1.00e+03 48 7.482577508e+04 4.316197191e+01 4.316197191e+01 -1.762145985e-12
1.00e+04 48 3.401864179e+05 5.224739363e+00 5.224739363e+00 -3.552713679e-15
1.00e+05 48 3.114432740e+06 1.422559548e+00 1.422559548e+00 -6.661338148e-16
1.00e+06 48 3.105736179e+07 1.042256811e+00 1.042256811e+00 -6.661338148e-16
1.00e+07 48 3.105294067e+08 1.004225690e+00 1.004225690e+00 6.661338148e-16
