1.00e-06 48 2.599685490e+08 3.055767279e+07 3.055767261e+07 1.776735112e-01
5.00e-06 48 2.648559084e+08 2.825907661e+07 2.825907626e+07 3.547306992e-01
1.00e-05 48 2.709541475e+08 1.000000163e+00 1.000000000e+00 1.627018038e-07
5.00e-05 48 3.194621540e+08 1.530626321e+07 1.530626332e+07 -1.112572309e-01
1.00e-04 48 3.797411272e+08 1.014137880e+07 1.014137882e+07 -2.081669495e-02
5.00e-04 48 8.778223993e+08 2.741293049e+06 2.741293045e+06 4.144075792e-03
1.00e-03 48 1.673470649e+09 1.433644599e+06 1.433644600e+06 -6.218447816e-04
5.00e-03 48 8.043755256e+09 2.976750660e+05 2.976750661e+05 -4.961097147e-05
1.00e-02 48 1.600554610e+10 1.495516359e+05 1.495516358e+05 2.125342144e-05
5.00e-02 48 7.969653124e+10 3.002629279e+04 3.002629279e+04 -2.634078555e-07
1.00e-01 48 1.593090010e+11 1.502087544e+04 1.502087544e+04 -7.946437108e-08
5.00e-01 48 7.962041324e+11 3.006132737e+03 3.006132737e+03 1.159150997e-09
1.00e+00 48 1.592319716e+12 1.503638753e+03 1.503638753e+03 -3.140030458e-10
1.00e+01 48 1.592222897e+13 1.512703905e+02 1.512703905e+02 -6.963318810e-12
1.00e+02 48 1.592197908e+14 1.602710423e+01 1.602710423e+01 -3.126388037e-13
5.00e+02 48 7.960965273e+14 4.005422056e+00 4.005422056e+00 -1.243449788e-14
1.00e+03 48 1.592192294e+15 2.502711153e+00 2.502711153e+00 -2.220446049e-15
1.00e+04 48 1.592191524e+16 1.150271534e+00 1.150271534e+00 -2.287059431e-14
1.00e+05 48 1.592194858e+17 1.015030817e+00 1.015030817e+00 -1.641731195e-11
1.00e+06 48 1.592195813e+18 1.001538386e+00 1.001538400e+00 -1.479291933e-08
1.00e+07 48 1.592178179e+19 1.000723167e+00 1.000772249e+00 -4.908171077e-05
