0.00e+00 32 6.061232237e+10 1.275147517e+09 1.275148406e+09 -8.885120788e+02
1.00e-02 32 6.060822127e+10 1.268751755e+09 1.268751461e+09 2.937437286e+02
5.00e-02 32 6.059184806e+10 1.243808805e+09 1.243809232e+09 -4.270719228e+02
1.00e-01 32 6.057145031e+10 1.214000870e+09 1.214000467e+09 4.035160317e+02
5.00e-01 32 6.041077931e+10 1.019511840e+09 1.019512056e+09 -2.159475663e+02
1.00e+00 32 6.021532242e+10 8.513031830e+08 8.513032320e+08 -4.901664937e+01
1.00e+01 32 5.721137944e+10 2.343999537e+08 2.343999836e+08 -2.987960765e+01
1.00e+02 32 4.189763219e+10 2.920218359e+07 2.920218350e+07 8.817144111e-02
5.00e+02 32 2.663153940e+10 5.974823419e+06 5.974823403e+06 1.585465763e-02
1.00e+03 32 2.302465711e+10 2.996075892e+06 2.996075892e+06 -9.208573028e-04
1.00e+04 32 1.970797822e+10 3.003936999e+05 3.003936999e+05 1.337903086e-05
1.00e+05 32 1.938786003e+10 3.004833411e+04 3.004833411e+04 8.123606676e-09
1.00e+06 32 1.936520357e+10 3.005998142e+03 3.005998142e+03 -8.022652764e-09
1.00e+07 32 1.946393806e+10 3.016865354e+02 3.016865354e+02 -6.900791050e-11
