0.00e+00 48 6.781112423e+05 9.099283257e+04 9.099283257e+04 -1.033287845e-06
1.00e-02 48 6.762449992e+05 9.054013688e+04 9.054013688e+04 -7.557537174e-07
5.00e-02 48 6.689025537e+05 8.877351958e+04 8.877351958e+04 2.684319043e-06
1.00e-01 48 6.599904363e+05 8.665988816e+04 8.665988816e+04 4.461762728e-07
5.00e-01 48 5.977500497e+05 7.279446605e+04 7.279446605e+04 6.902846508e-07
1.00e+00 48 5.370960744e+05 6.066222171e+04 6.066222171e+04 -6.620393833e-07
1.00e+01 48 2.693816748e+05 1.516630543e+04 1.516630543e+04 1.206535671e-07
1.00e+02 48 2.444928050e+05 1.785153580e+03 1.785153580e+03 -8.044480637e-10
5.00e+02 48 2.886059751e+05 3.635172612e+02 3.635172612e+02 -7.889866538e-11
1.00e+03 48 3.459044717e+05 1.826204243e+02 1.826204243e+02 2.643218977e-12
1.00e+04 48 1.381387542e+06 1.919472757e+01 1.919472757e+01 -3.588240816e-13
1.00e+05 48 1.174518499e+07 2.819800255e+00 2.819800255e+00 -3.552713679e-15
1.00e+06 48 1.155271837e+08 1.181983301e+00 1.181983301e+00 -1.998401444e-15
1.00e+07 48 1.153970505e+09 1.018198365e+00 1.018198365e+00 2.220446049e-16
