0.00e+00 24 1.299950317e+03 2.629421960e+03 2.629421960e+03 -9.467839845e-10
1.00e-02 24 1.897355800e+05 2.267695395e+01 2.267695395e+01 -2.415845302e-13
5.00e-02 24 9.435326541e+05 5.542099553e+00 5.542099553e+00 8.881784197e-16
1.00e-01 24 1.885772621e+06 3.381768839e+00 3.381768839e+00 -2.220446049e-15
5.00e-01 24 9.423650289e+06 1.650553133e+00 1.650553133e+00 1.110223025e-15
1.00e+00 24 1.884598381e+07 1.433981462e+00 1.433981462e+00 -4.440892099e-16
1.00e+01 24 1.884479377e+08 1.239050215e+00 1.239050215e+00 2.220446049e-16
1.00e+02 24 1.884467446e+09 1.219557185e+00 1.219557185e+00 -2.220446049e-16
5.00e+02 24 9.422331927e+09 1.217824483e+00 1.217824483e+00 2.220446049e-16
1.00e+03 24 1.884466253e+10 1.217607901e+00 1.217607901e+00 0.000000000e+00
1.00e+04 24 1.884466133e+11 1.217413081e+00 1.217413081e+00 -6.661338148e-16
1.00e+05 24 1.884466147e+12 1.217394653e+00 1.217394653e+00 -4.440892099e-16
1.00e+06 24 1.884465591e+13 1.217420077e+00 1.217420077e+00 -1.850608555e-10
1.00e+07 24 1.884466410e+14 1.217657020e+00 1.217657050e+00 -2.920776865e-08
