0.00e+00 32 1.954289364e+06 2.631308569e+03 2.631308569e+03 -8.303686627e-10
1.00e-02 32 1.950567554e+06 2.613137179e+03 2.613137179e+03 4.202775017e-09
5.00e-02 32 1.935868921e+06 2.542894832e+03 2.542894832e+03 2.576598490e-09
1.00e-01 32 1.917906758e+06 2.460231583e+03 2.460231583e+03 -1.502939995e-09
5.00e-01 32 1.788486653e+06 1.952519237e+03 1.952519237e+03 -3.938112059e-10
1.00e+00 32 1.654735771e+06 1.552207580e+03 1.000000000e+00 1.551207580e+03
1.00e+01 32 8.590529491e+05 3.846843362e+02 3.846843362e+02 -8.640199667e-12
1.00e+02 32 7.082939308e+05 4.632262837e+01 4.632262837e+01 -3.481659405e-13
5.00e+02 32 8.571716982e+05 1.038448957e+01 1.038448957e+01 5.329070518e-15
1.00e+03 32 1.058097160e+06 5.810221248e+00 5.810221248e+00 0.000000000e+00
1.00e+04 32 4.777377278e+06 1.677471580e+00 1.677471580e+00 -2.220446049e-16
1.00e+05 32 4.211540627e+07 1.263402973e+00 1.263402973e+00 0.000000000e+00
1.00e+06 32 4.160015427e+08 1.221992458e+00 1.221992458e+00 2.220446049e-16
1.00e+07 32 4.156582547e+09 1.217851424e+00 1.217851424e+00 -2.220446049e-16
