0.00e+00 48 9.331094332e+02 2.221118191e+09 2.221117486e+09 7.046335998e+02
1.00e-06 48 9.331094332e+02 2.221117393e+09 2.221120360e+09 -2.967086412e+03
5.00e-06 48 9.331094332e+02 2.221114194e+09 2.221112200e+09 1.994003218e+03
1.00e-05 48 9.331094332e+02 2.221110181e+09 2.221110332e+09 -1.509613075e+02
5.00e-05 48 9.331094332e+02 2.221078122e+09 2.221081717e+09 -3.595288124e+03
1.00e-04 48 9.331094332e+02 2.221038046e+09 2.221040822e+09 -2.775843266e+03
5.00e-04 48 9.331094332e+02 2.220717525e+09 2.220718839e+09 -1.314253864e+03
1.00e-03 48 9.331094332e+02 2.220317012e+09 2.220319480e+09 -2.468727333e+03
5.00e-03 48 9.331094332e+02 2.217118002e+09 2.217117856e+09 1.458865309e+02
1.00e-02 48 9.331094332e+02 2.213132192e+09 2.213133452e+09 -1.259741092e+03
5.00e-02 48 9.331094334e+02 2.181754311e+09 2.181753287e+09 1.023478683e+03
1.00e-01 48 9.389300187e+02 2.143761384e+09 2.143760967e+09 4.166597078e+02
5.00e-01 48 1.042070439e+03 1.881628904e+09 1.881628202e+09 7.011068637e+02
1.00e+00 48 1.920509065e+10 1.632159634e+09 1.632160434e+09 -7.996483178e+02
1.00e+01 48 1.786753241e+10 4.819652043e+08 4.819651753e+08 2.903455979e+01
1.00e+02 48 1.205815507e+10 5.989324950e+07 5.989325253e+07 -3.025370099e+00
5.00e+02 48 7.806616687e+09 1.224275491e+07 1.224275494e+07 -2.129924856e-02
1.00e+03 48 7.007868109e+09 6.138295028e+06 6.138295032e+06 -4.304557107e-03
1.00e+04 48 6.293810842e+09 6.153609535e+05 6.153609532e+05 2.643585904e-04
1.00e+05 48 6.222948496e+09 6.155234285e+04 6.155234285e+04 1.441854693e-06
1.00e+06 48 6.219434888e+09 6.156287802e+03 6.156287802e+03 1.086755219e-08
1.00e+07 48 6.256407127e+09 6.165303154e+02 6.165303154e+02 1.214175427e-10
