0.00e+00 48 9.340444717e+02 9.090653186e+07 9.090652396e+07 7.899917603e+00
1.00e-02 48 3.351228413e+05 2.529468772e+05 2.529468772e+05 -1.897459151e-05
5.00e-02 48 1.671783857e+06 5.070303748e+04 5.070303748e+04 -9.914656403e-07
1.00e-01 48 3.342601719e+06 2.535909033e+04 2.535909033e+04 1.060434442e-07
5.00e-01 48 1.670913830e+07 5.073750087e+03 5.073750087e+03 -7.150447345e-09
1.00e+00 48 3.341730827e+07 2.537445813e+03 2.537445813e+03 -3.287823347e-09
1.00e+01 48 3.341643631e+08 2.546509508e+02 2.546509508e+02 2.046363079e-11
1.00e+02 48 3.341634845e+09 2.636515882e+01 2.636515882e+01 -9.983125437e-13
5.00e+02 48 1.670817025e+10 6.073032964e+00 6.073032964e+00 2.131628207e-14
1.00e+03 48 3.341633951e+10 3.536516618e+00 3.536516618e+00 1.332267630e-15
1.00e+04 48 3.341633861e+11 1.253652085e+00 1.253652085e+00 6.661338148e-16
1.00e+05 48 3.341633852e+12 1.025368389e+00 1.025368389e+00 -2.176037128e-14
1.00e+06 48 3.341633851e+13 1.002567392e+00 1.002567392e+00 -2.704281243e-11
1.00e+07 48 3.341633854e+14 1.000643203e+00 1.000677249e+00 -3.404592438e-05
