0.00e+00 32 4.295842651e+05 1.426660408e+04 1.426660408e+04 -1.247226464e-07
1.00e-06 32 4.295842650e+05 1.426659695e+04 1.426659533e+04 1.617159318e-03
5.00e-06 32 4.295842649e+05 1.426656842e+04 1.426656842e+04 -8.877032087e-08
1.00e-05 32 4.295842648e+05 1.426653275e+04 1.426653275e+04 1.914486347e-08
5.00e-05 32 4.295842636e+05 1.426624745e+04 1.426624745e+04 9.002178558e-09
1.00e-04 32 4.295842622e+05 1.074416009e+00 1.000000000e+00 7.441600861e-02
5.00e-04 32 4.295842506e+05 1.426303857e+04 1.426303857e+04 -1.074386091e-07
1.00e-03 32 4.295842362e+05 1.425947484e+04 1.425947484e+04 -8.492861525e-08
5.00e-03 32 4.295841222e+05 1.423102901e+04 1.423102901e+04 1.064781827e-07
1.00e-02 32 4.295839833e+05 1.419563092e+04 1.419563092e+04 -4.779212759e-08
5.00e-02 32 4.295830066e+05 1.391866252e+04 1.391866252e+04 -2.599699656e-08
1.00e-01 32 4.295821133e+05 1.358728960e+04 1.000000000e+00 1.358628960e+04
5.00e-01 32 4.295862420e+05 1.141348326e+04 1.141348326e+04 -1.703483576e-08
1.00e+00 32 4.296130005e+05 9.511402719e+03 9.511402719e+03 -9.272116586e-08
1.00e+01 32 4.311143909e+05 2.378600680e+03 2.378600680e+03 -2.469732863e-09
1.00e+02 32 4.501063064e+05 2.807177270e+02 1.000000000e+00 2.797177270e+02
5.00e+02 32 5.354020824e+05 5.783507601e+01 5.783507601e+01 -5.471179065e-13
1.00e+03 32 6.421493452e+05 2.947425964e+01 2.947425964e+01 4.156675004e-13
1.00e+04 32 2.572872417e+06 3.852550306e+00 3.852550306e+00 -2.220446049e-15
1.00e+05 32 2.211539536e+07 1.285306375e+00 1.285306375e+00 -8.881784197e-16
1.00e+06 32 2.188516387e+08 1.028531151e+00 1.028531151e+00 -8.881784197e-16
1.00e+07 32 2.186856467e+09 1.002853123e+00 1.002853123e+00 -1.110223025e-15
