0.00e+00 48 9.582007665e+11 3.119152186e+10 1.000000000e+00 3.119152186e+10
1.00e-06 48 9.582006954e+11 3.119159814e+10 1.000000000e+00 3.119159814e+10
5.00e-06 48 9.582021458e+11 3.119180563e+10 3.119078359e+10 1.022043809e+06
1.00e-05 48 9.582011871e+11 3.119129804e+10 1.000000000e+00 3.119129804e+10
5.00e-05 48 9.582011593e+11 3.119064924e+10 1.000000000e+00 3.119064924e+10
1.00e-04 48 9.581998456e+11 1.474349566e+04 1.000000000e+00 1.474249566e+04
5.00e-04 48 9.581992084e+11 3.118398660e+10 3.118376357e+10 2.230271001e+05
1.00e-03 48 9.581997035e+11 3.117619943e+10 1.000000000e+00 3.117619943e+10
5.00e-03 48 9.581985278e+11 3.111392698e+10 3.111338020e+10 5.467800169e+05
1.00e-02 48 9.581945332e+11 3.103673900e+10 1.253978980e+10 1.849694920e+10
5.00e-02 48 9.581727198e+11 3.043087037e+10 1.000000000e+00 3.043087037e+10
1.00e-01 48 9.581472784e+11 2.970646232e+10 1.000000000e+00 2.970646232e+10
5.00e-01 48 9.579672452e+11 2.495328236e+10 1.000000000e+00 2.495328236e+10
1.00e+00 48 9.577922346e+11 2.079443135e+10 1.000000000e+00 2.079443134e+10
1.00e+01 48 9.569151556e+11 5.198615045e+09 5.198599844e+09 1.520078954e+04
1.00e+02 48 9.565319043e+11 6.116017980e+08 6.116018321e+08 -3.405092919e+01
5.00e+02 48 9.564782770e+11 1.242696971e+08 1.242696981e+08 -9.981162548e-01
1.00e+03 48 9.564706134e+11 6.225886806e+07 6.225886708e+07 9.820110872e-01
1.00e+04 48 9.564674677e+11 6.237091868e+06 6.237091842e+06 2.559032664e-02
1.00e+05 48 9.565092883e+11 6.238224176e+05 6.238224175e+05 1.440297347e-04
1.00e+06 48 9.569385524e+11 6.238425916e+04 6.238425916e+04 -2.961533028e-07
1.00e+07 48 9.612304565e+11 6.239337264e+03 6.239337264e+03 3.728655429e-08
