0.00e+00 24 1.299951530e+03 2.629421654e+06 2.629421657e+06 -2.685095184e-03
1.00e-02 24 1.899586921e+05 2.144913199e+04 2.144913199e+04 8.004644769e-08
5.00e-02 24 9.445886469e+05 4.323646710e+03 4.323646710e+03 5.902620615e-10
1.00e-01 24 1.887879614e+06 2.164505769e+03 2.164505769e+03 -2.045453584e-09
5.00e-01 24 9.434214832e+06 4.342074385e+02 4.342074385e+02 -3.802824722e-11
1.00e+00 24 1.886713228e+07 2.177331450e+02 2.177331450e+02 1.932676241e-12
1.00e+01 24 1.886592174e+08 2.287071300e+01 2.287071300e+01 -2.060573934e-13
1.00e+02 24 1.886559892e+09 3.382637821e+00 3.382637821e+00 -1.776356839e-15
5.00e+02 24 9.432720127e+09 1.650394307e+00 1.650394307e+00 8.881784197e-16
1.00e+03 24 1.886540684e+10 1.433881261e+00 1.433881261e+00 4.440892099e-16
1.00e+04 24 1.886537181e+11 1.239038441e+00 1.239038441e+00 8.881784197e-16
1.00e+05 24 1.886536799e+12 1.219557243e+00 1.219557243e+00 4.440892099e-16
1.00e+06 24 1.886536761e+13 1.217619233e+00 1.217619233e+00 -9.769962617e-15
1.00e+07 24 1.886536751e+14 1.217640487e+00 1.217640506e+00 -1.871477484e-08
