0.00e+00 48 2.661927062e+05 3.126247603e+04 3.126247603e+04 5.152833182e-07
1.00e-06 48 2.648819903e+05 3.063062479e+04 1.000000000e+00 3.062962479e+04
5.00e-06 48 2.699555506e+05 2.833953187e+04 1.000000000e+00 2.833853187e+04
1.00e-05 48 2.762857312e+05 2.591644129e+04 2.591644129e+04 3.088789526e-07
5.00e-05 48 3.266160643e+05 1.538984001e+04 1.538984001e+04 -3.835157258e-08
1.00e-04 48 3.891378418e+05 1.020757508e+04 1.000000000e+00 1.020657508e+04
5.00e-04 48 9.107777636e+05 2.763985958e+03 2.763985958e+03 1.314219844e-09
1.00e-03 48 1.738718537e+06 1.446365935e+03 1.446365935e+03 -7.505605026e-10
5.00e-03 48 8.358736415e+06 3.011760336e+02 1.000000000e+00 3.001760336e+02
1.00e-02 48 1.663210219e+07 1.518120736e+02 1.518120736e+02 6.309619494e-12
5.00e-02 48 8.281056453e+07 3.127927370e+01 1.000000000e+00 3.027927370e+01
1.00e-01 48 1.655299739e+08 1.614697239e+01 1.614697239e+01 -3.765876500e-13
5.00e-01 48 8.272747136e+08 4.030569187e+00 4.030569187e+00 -1.687538997e-14
1.00e+00 48 1.654453203e+09 2.515358045e+00 2.515358045e+00 4.440892099e-15
1.00e+01 48 1.654365831e+10 1.151542416e+00 1.151542416e+00 -6.661338148e-16
1.00e+02 48 1.654357046e+11 1.015154309e+00 1.015154309e+00 -4.440892099e-16
5.00e+02 48 8.271781275e+11 1.003030876e+00 1.003030876e+00 -2.220446049e-15
1.00e+03 48 1.654356164e+12 1.001515463e+00 1.001515463e+00 -1.665334537e-14
1.00e+04 48 1.654355550e+13 1.000151900e+00 1.000151900e+00 -1.565458874e-11
1.00e+05 48 1.654355429e+14 1.000018874e+00 1.000018885e+00 -1.081337908e-08
1.00e+06 48 1.654341705e+15 1.000073913e+00 1.000078880e+00 -4.967283826e-06
1.00e+07 48 1.653984489e+16 1.000715769e+00 1.000765633e+00 -4.986434522e-05
