0.00e+00 48 9.582050836e+08 3.119196231e+07 3.119196196e+07 3.498529941e-01
1.00e-06 48 9.582050838e+08 3.119194680e+07 3.119194702e+07 -2.199583389e-01
5.00e-06 48 9.582050814e+08 3.119188437e+07 3.119188416e+07 2.115213946e-01
1.00e-05 48 9.582050783e+08 3.119180627e+07 3.119180659e+07 -3.159069307e-01
5.00e-05 48 9.582050556e+08 3.119118220e+07 3.119118297e+07 -7.774282806e-01
1.00e-04 48 9.582050302e+08 5.694469023e+02 1.000000000e+00 5.684469023e+02
5.00e-04 48 9.582048101e+08 3.118416617e+07 3.118416592e+07 2.539018877e-01
1.00e-03 48 9.582045354e+08 3.117637381e+07 3.117637394e+07 -1.304184496e-01
5.00e-03 48 9.582023528e+08 3.111417687e+07 3.111417702e+07 -1.513984278e-01
1.00e-02 48 9.581996351e+08 3.103677854e+07 3.103677880e+07 -2.639945857e-01
5.00e-02 48 9.581782600e+08 3.043118297e+07 3.043118322e+07 -2.464420609e-01
1.00e-01 48 9.581523829e+08 2.970663099e+07 2.970663058e+07 4.079975598e-01
5.00e-01 48 9.579722962e+08 2.495357005e+07 2.495357006e+07 -1.449151337e-02
1.00e+00 48 9.577974148e+08 2.079464175e+07 2.079464177e+07 -2.034478635e-02
1.00e+01 48 9.569263757e+08 5.198661195e+06 5.198661191e+06 4.352256656e-03
1.00e+02 48 9.565874696e+08 6.116080814e+05 6.116080812e+05 2.460726537e-04
5.00e+02 48 9.567243897e+08 1.242717616e+05 1.242717616e+05 1.323009201e-05
1.00e+03 48 9.569549419e+08 6.226040350e+04 6.226040350e+04 2.834713086e-07
1.00e+04 48 9.612389129e+08 6.238144802e+03 6.238144802e+03 -2.283013600e-08
1.00e+05 48 1.004156886e+09 6.248267465e+02 6.248267465e+02 1.308535502e-10
1.00e+06 48 1.433494067e+09 6.338379755e+01 6.338379755e+01 1.428190899e-12
1.00e+07 48 5.734250168e+09 7.238391020e+00 7.238391020e+00 6.306066780e-14
