0.00e+00 48 9.587967929e+05 3.126247603e+04 1.000000000e+00 3.126147603e+04
1.00e-06 48 9.587967929e+05 3.126246040e+04 3.126246040e+04 -3.139211913e-08
5.00e-06 48 9.587967928e+05 3.126239788e+04 1.000000000e+00 3.126139788e+04
1.00e-05 48 9.587967928e+05 3.126231973e+04 3.126231973e+04 1.354783308e-07
5.00e-05 48 9.587967926e+05 3.126169452e+04 1.000000000e+00 3.126069452e+04
1.00e-04 48 9.587967922e+05 3.126091304e+04 3.126091304e+04 6.127957022e-07
5.00e-04 48 9.587967898e+05 3.125466262e+04 3.125466262e+04 2.707784006e-07
1.00e-03 48 9.587967867e+05 3.124685311e+04 3.124685311e+04 -3.853310773e-07
5.00e-03 48 9.587967654e+05 3.118451724e+04 1.000000000e+00 3.118351724e+04
1.00e-02 48 9.587967459e+05 3.110694630e+04 3.110694630e+04 5.061519914e-08
5.00e-02 48 9.587968712e+05 3.050000101e+04 3.050000101e+04 -3.415843821e-07
1.00e-01 48 9.587977033e+05 2.977383432e+04 1.000000000e+00 2.977283432e+04
5.00e-01 48 9.588273877e+05 2.501018083e+04 1.000000000e+00 2.500918083e+04
1.00e+00 48 9.589083918e+05 2.084198402e+04 1.000000000e+00 2.084098402e+04
1.00e+01 48 9.624031811e+05 5.211246006e+03 1.000000000e+00 5.210246006e+03
1.00e+02 48 1.005010392e+06 6.139701183e+02 1.000000000e+00 6.129701183e+02
5.00e+02 48 1.195902345e+06 1.255477133e+02 1.000000000e+00 1.245477133e+02
1.00e+03 48 1.434635415e+06 6.339815576e+01 1.000000000e+00 6.239815576e+01
1.00e+04 48 5.738776167e+06 7.251044998e+00 7.251044998e+00 -2.575717417e-14
1.00e+05 48 4.897919289e+07 1.625217016e+00 1.625217016e+00 -2.442490654e-15
1.00e+06 48 4.834461477e+08 1.062522827e+00 1.062522827e+00 -1.776356839e-15
1.00e+07 48 4.830549679e+09 1.006252299e+00 1.006252299e+00 4.440892099e-16
