0.00e+00 32 3.071005180e+11 4.084859476e+10 4.084807507e+10 5.196939459e+05
1.00e-02 32 3.062585611e+11 4.064547730e+10 4.064445218e+10 1.025129763e+06
5.00e-02 32 3.029461357e+11 3.985232329e+10 3.985158513e+10 7.381603860e+05
1.00e-01 32 2.989258489e+11 3.890348373e+10 3.890235631e+10 1.127423995e+06
5.00e-01 32 2.708581513e+11 3.267886652e+10 3.267846007e+10 4.064515403e+05
1.00e+00 32 2.435252783e+11 2.723241084e+10 2.723245071e+10 -3.986705346e+04
1.00e+01 32 1.231233624e+11 6.808098097e+09 1.000000000e+00 6.808098096e+09
1.00e+02 32 1.066809596e+11 8.009524943e+08 8.009525181e+08 -2.375808275e+01
5.00e+02 32 1.057610104e+11 1.627433345e+08 1.627432968e+08 3.772450393e+01
1.00e+03 32 1.056510619e+11 8.153408598e+07 8.153408212e+07 3.855956361e+00
1.00e+04 32 1.055534794e+11 8.168082696e+06 8.168082641e+06 5.417086650e-02
1.00e+05 32 1.055484518e+11 8.169561920e+05 8.169561924e+05 -3.878301941e-04
1.00e+06 32 1.055947789e+11 8.169798972e+04 8.169798972e+04 -1.901920768e-06
1.00e+07 32 1.060677070e+11 8.170713686e+03 8.170713686e+03 1.930311555e-08
