0.00e+00 32 4.215549445e+05 1.900791102e+03 1.900791102e+03 2.953129297e-09
1.00e-02 32 4.213882707e+05 1.888985768e+03 1.888985768e+03 -3.071818355e-10
5.00e-02 32 4.207239076e+05 1.843204179e+03 1.843204179e+03 6.978098099e-10
1.00e-01 32 4.198986369e+05 1.789025991e+03 1.789025991e+03 -1.576381692e-09
5.00e-01 32 4.134924360e+05 1.449136817e+03 1.449136817e+03 -1.569333108e-09
1.00e+00 32 4.059287775e+05 1.173385004e+03 1.173385004e+03 -9.454197425e-10
1.00e+01 32 3.169555237e+05 3.011357656e+02 3.011357656e+02 1.728039933e-11
1.00e+02 32 1.759563032e+05 3.714268453e+01 3.714268453e+01 -2.984279490e-13
5.00e+02 32 1.779725886e+05 8.527726980e+00 8.527726980e+00 -2.486899575e-14
1.00e+03 32 2.209564072e+05 4.877514876e+00 4.877514876e+00 -1.243449788e-14
1.00e+04 32 1.196268596e+06 1.581046340e+00 1.581046340e+00 4.440892099e-16
1.00e+05 32 1.130430576e+07 1.253484139e+00 1.253484139e+00 1.110223025e-15
1.00e+06 32 1.128509132e+08 1.220995527e+00 1.220995527e+00 1.110223025e-15
1.00e+07 32 1.128387503e+09 1.217751673e+00 1.217751673e+00 -2.220446049e-16
