0.00e+00 32 1.953100963e+09 2.631308439e+06 2.631308438e+06 9.339498356e-04
1.00e-02 32 1.949371885e+09 2.613130150e+06 2.613130146e+06 3.378400579e-03
5.00e-02 32 1.934644308e+09 2.542861131e+06 2.542861128e+06 2.700154204e-03
1.00e-01 32 1.916646262e+09 2.460166492e+06 2.460166494e+06 -2.325838897e-03
5.00e-01 32 1.786950530e+09 1.952261358e+06 1.952261358e+06 -3.415246028e-04
1.00e+00 32 1.652881693e+09 1.551797695e+06 1.551797695e+06 1.971197780e-04
1.00e+01 32 8.538768699e+08 3.836710953e+05 3.836710953e+05 -6.945687346e-06
1.00e+02 32 6.697479701e+08 4.513081210e+04 4.513081210e+04 -1.188091119e-07
5.00e+02 32 6.614730405e+08 9.173362719e+03 9.173362719e+03 -2.285014489e-08
1.00e+03 32 6.606240765e+08 4.596624741e+03 4.596624741e+03 -3.634340828e-09
1.00e+04 32 6.622378754e+08 4.616020066e+02 4.616020066e+02 -2.091837814e-11
1.00e+05 32 6.964214372e+08 4.726421446e+01 4.726421446e+01 2.415845302e-13
1.00e+06 32 1.055150501e+09 5.822068550e+00 5.822068550e+00 9.769962617e-15
1.00e+07 32 4.770336123e+09 1.677813731e+00 1.677813731e+00 -4.440892099e-16
