0.00e+00 32 1.953099775e+12 2.631308343e+09 2.631307857e+09 4.861368356e+02
1.00e-02 32 1.949370689e+12 2.613130428e+09 2.613126556e+09 3.871784872e+03
5.00e-02 32 1.934643084e+12 2.542861018e+09 2.542859071e+09 1.947247220e+03
1.00e-01 32 1.916645002e+12 2.460166353e+09 2.460168715e+09 -2.361281844e+03
5.00e-01 32 1.786948994e+12 1.952261255e+09 1.952261792e+09 -5.370801725e+02
1.00e+00 32 1.652879840e+12 1.551797283e+09 1.551795602e+09 1.680855840e+03
1.00e+01 32 8.538720033e+11 3.836700722e+08 3.836700531e+08 1.908655924e+01
1.00e+02 32 6.697217124e+11 4.512962027e+07 4.512962009e+07 1.781191528e-01
5.00e+02 32 6.613471466e+11 9.172151597e+06 9.172151587e+06 1.017754897e-02
1.00e+03 32 6.603735402e+11 4.595411155e+06 4.595411148e+06 7.265075110e-03
1.00e+04 32 6.595125000e+11 4.603861913e+05 4.603861913e+05 -1.005310332e-05
1.00e+05 32 6.594493012e+11 4.604817471e+04 4.604817471e+04 1.188454917e-07
1.00e+06 32 6.596653329e+11 4.605997644e+03 4.605997644e+03 -5.329638952e-09
1.00e+07 32 6.621415613e+11 4.616961649e+02 4.616961649e+02 8.014922059e-12
